0.000000e+00	0.000000e+00
1.000000e-03	9.058220e-05
2.000000e-03	3.621814e-04
3.000000e-03	8.143556e-04
4.000000e-03	1.446369e-03
5.000000e-03	2.257196e-03
6.000000e-03	3.245523e-03
7.000000e-03	4.409755e-03
8.000000e-03	5.748020e-03
9.000000e-03	7.258177e-03
1.000000e-02	8.937823e-03
1.100000e-02	1.078430e-02
1.200000e-02	1.279471e-02
1.300000e-02	1.496592e-02
1.400000e-02	1.729458e-02
1.500000e-02	1.977710e-02
1.600000e-02	2.240973e-02
1.700000e-02	2.518851e-02
1.800000e-02	2.810931e-02
1.900000e-02	3.116784e-02
2.000000e-02	3.435967e-02
2.100000e-02	3.768023e-02
2.200000e-02	4.112482e-02
2.300000e-02	4.468866e-02
2.400000e-02	4.836686e-02
2.500000e-02	5.215446e-02
2.600000e-02	5.604644e-02
2.700000e-02	6.003773e-02
2.800000e-02	6.412323e-02
2.900000e-02	6.829780e-02
3.000000e-02	7.255632e-02
3.100000e-02	7.689365e-02
3.200000e-02	8.130469e-02
3.300000e-02	8.578434e-02
3.400000e-02	9.032759e-02
3.500000e-02	9.492942e-02
3.600000e-02	9.958493e-02
3.700000e-02	1.042893e-01
3.800000e-02	1.090376e-01
3.900000e-02	1.138254e-01
4.000000e-02	1.186479e-01
4.100000e-02	1.235008e-01
4.200000e-02	1.283797e-01
4.300000e-02	1.332804e-01
4.400000e-02	1.381987e-01
4.500000e-02	1.431307e-01
4.600000e-02	1.480727e-01
4.700000e-02	1.530208e-01
4.800000e-02	1.579716e-01
4.900000e-02	1.629217e-01
5.000000e-02	1.678679e-01
5.100000e-02	1.728071e-01
5.200000e-02	1.777364e-01
5.300000e-02	1.826531e-01
5.400000e-02	1.875546e-01
5.500000e-02	1.924383e-01
5.600000e-02	1.973022e-01
5.700000e-02	2.021441e-01
5.800000e-02	2.069619e-01
5.900000e-02	2.117540e-01
6.000000e-02	2.165186e-01
6.100000e-02	2.212543e-01
6.200000e-02	2.259598e-01
6.300000e-02	2.306339e-01
6.400000e-02	2.352754e-01
6.500000e-02	2.398835e-01
6.600000e-02	2.444574e-01
6.700000e-02	2.489965e-01
6.800000e-02	2.535001e-01
6.900000e-02	2.579681e-01
7.000000e-02	2.623999e-01
7.100000e-02	2.667955e-01
7.200000e-02	2.711548e-01
7.300000e-02	2.754779e-01
7.400000e-02	2.797647e-01
7.500000e-02	2.840157e-01
7.600000e-02	2.882310e-01
7.700000e-02	2.924111e-01
7.800000e-02	2.965564e-01
7.900000e-02	3.006675e-01
8.000000e-02	3.047448e-01
8.100000e-02	3.087892e-01
8.200000e-02	3.128012e-01
8.300000e-02	3.167816e-01
8.400000e-02	3.207313e-01
8.500000e-02	3.246509e-01
8.600000e-02	3.285415e-01
8.700000e-02	3.324038e-01
8.800000e-02	3.362388e-01
8.900000e-02	3.400474e-01
9.000000e-02	3.438305e-01
9.100000e-02	3.475890e-01
9.200000e-02	3.513240e-01
9.300000e-02	3.550364e-01
9.400000e-02	3.587270e-01
9.500000e-02	3.623970e-01
9.600000e-02	3.660470e-01
9.700000e-02	3.696782e-01
9.800000e-02	3.732914e-01
9.900000e-02	3.768875e-01
1.000000e-01	3.804673e-01
1.010000e-01	3.840316e-01
1.020000e-01	3.875814e-01
1.030000e-01	3.911173e-01
1.040000e-01	3.946401e-01
1.050000e-01	3.981506e-01
1.060000e-01	4.016494e-01
1.070000e-01	4.051372e-01
1.080000e-01	4.086146e-01
1.090000e-01	4.120822e-01
1.100000e-01	4.155406e-01
1.110000e-01	4.189902e-01
1.120000e-01	4.224316e-01
1.130000e-01	4.258652e-01
1.140000e-01	4.292913e-01
1.150000e-01	4.327105e-01
1.160000e-01	4.361229e-01
1.170000e-01	4.395290e-01
1.180000e-01	4.429290e-01
1.190000e-01	4.463230e-01
1.200000e-01	4.497114e-01
1.210000e-01	4.530943e-01
1.220000e-01	4.564718e-01
1.230000e-01	4.598441e-01
1.240000e-01	4.632111e-01
1.250000e-01	4.665731e-01
1.260000e-01	4.699300e-01
1.270000e-01	4.732818e-01
1.280000e-01	4.766285e-01
1.290000e-01	4.799701e-01
1.300000e-01	4.833065e-01
1.310000e-01	4.866376e-01
1.320000e-01	4.899634e-01
1.330000e-01	4.932838e-01
1.340000e-01	4.965986e-01
1.350000e-01	4.999077e-01
1.360000e-01	5.032110e-01
1.370000e-01	5.065083e-01
1.380000e-01	5.097995e-01
1.390000e-01	5.130845e-01
1.400000e-01	5.163629e-01
1.410000e-01	5.196348e-01
1.420000e-01	5.228999e-01
1.430000e-01	5.261581e-01
1.440000e-01	5.294092e-01
1.450000e-01	5.326530e-01
1.460000e-01	5.358894e-01
1.470000e-01	5.391182e-01
1.480000e-01	5.423393e-01
1.490000e-01	5.455526e-01
1.500000e-01	5.487578e-01
1.510000e-01	5.519550e-01
1.520000e-01	5.551438e-01
1.530000e-01	5.583244e-01
1.540000e-01	5.614965e-01
1.550000e-01	5.646601e-01
1.560000e-01	5.678151e-01
1.570000e-01	5.709615e-01
1.580000e-01	5.740991e-01
1.590000e-01	5.772280e-01
1.600000e-01	5.803482e-01
1.610000e-01	5.834595e-01
1.620000e-01	5.865621e-01
1.630000e-01	5.896560e-01
1.640000e-01	5.927410e-01
1.650000e-01	5.958174e-01
1.660000e-01	5.988852e-01
1.670000e-01	6.019443e-01
1.680000e-01	6.049949e-01
1.690000e-01	6.080371e-01
1.700000e-01	6.110710e-01
1.710000e-01	6.140966e-01
1.720000e-01	6.171142e-01
1.730000e-01	6.201237e-01
1.740000e-01	6.231254e-01
1.750000e-01	6.261194e-01
1.760000e-01	6.291059e-01
1.770000e-01	6.320849e-01
1.780000e-01	6.350567e-01
1.790000e-01	6.380215e-01
1.800000e-01	6.409793e-01
1.810000e-01	6.439305e-01
1.820000e-01	6.468751e-01
1.830000e-01	6.498134e-01
1.840000e-01	6.527455e-01
1.850000e-01	6.556717e-01
1.860000e-01	6.585921e-01
1.870000e-01	6.615070e-01
1.880000e-01	6.644165e-01
1.890000e-01	6.673208e-01
1.900000e-01	6.702201e-01
1.910000e-01	6.731146e-01
1.920000e-01	6.760045e-01
1.930000e-01	6.788900e-01
1.940000e-01	6.817713e-01
1.950000e-01	6.846485e-01
1.960000e-01	6.875218e-01
1.970000e-01	6.903915e-01
1.980000e-01	6.932576e-01
1.990000e-01	6.961203e-01
2.000000e-01	6.989799e-01
2.010000e-01	7.018364e-01
2.020000e-01	7.046900e-01
2.030000e-01	7.075408e-01
2.040000e-01	7.103890e-01
2.050000e-01	7.132347e-01
2.060000e-01	7.160781e-01
2.070000e-01	7.189192e-01
2.080000e-01	7.217581e-01
2.090000e-01	7.245951e-01
2.100000e-01	7.274301e-01
2.110000e-01	7.302633e-01
2.120000e-01	7.330947e-01
2.130000e-01	7.359244e-01
2.140000e-01	7.387526e-01
2.150000e-01	7.415792e-01
2.160000e-01	7.444043e-01
2.170000e-01	7.472280e-01
2.180000e-01	7.500504e-01
2.190000e-01	7.528714e-01
2.200000e-01	7.556912e-01
2.210000e-01	7.585097e-01
2.220000e-01	7.613269e-01
2.230000e-01	7.641430e-01
2.240000e-01	7.669579e-01
2.250000e-01	7.697716e-01
2.260000e-01	7.725841e-01
2.270000e-01	7.753955e-01
2.280000e-01	7.782058e-01
2.290000e-01	7.810149e-01
2.300000e-01	7.838228e-01
2.310000e-01	7.866296e-01
2.320000e-01	7.894352e-01
2.330000e-01	7.922396e-01
2.340000e-01	7.950428e-01
2.350000e-01	7.978448e-01
2.360000e-01	8.006456e-01
2.370000e-01	8.034452e-01
2.380000e-01	8.062434e-01
2.390000e-01	8.090404e-01
2.400000e-01	8.118361e-01
2.410000e-01	8.146305e-01
2.420000e-01	8.174236e-01
2.430000e-01	8.202152e-01
2.440000e-01	8.230055e-01
2.450000e-01	8.257945e-01
2.460000e-01	8.285820e-01
2.470000e-01	8.313681e-01
2.480000e-01	8.341527e-01
2.490000e-01	8.369359e-01
2.500000e-01	8.397176e-01
2.510000e-01	8.424979e-01
2.520000e-01	8.452767e-01
2.530000e-01	8.480539e-01
2.540000e-01	8.508297e-01
2.550000e-01	8.536040e-01
2.560000e-01	8.563768e-01
2.570000e-01	8.591481e-01
2.580000e-01	8.619179e-01
2.590000e-01	8.646862e-01
2.600000e-01	8.674530e-01
2.610000e-01	8.702184e-01
2.620000e-01	8.729823e-01
2.630000e-01	8.757447e-01
2.640000e-01	8.785057e-01
2.650000e-01	8.812652e-01
2.660000e-01	8.840233e-01
2.670000e-01	8.867801e-01
2.680000e-01	8.895355e-01
2.690000e-01	8.922895e-01
2.700000e-01	8.950422e-01
2.710000e-01	8.977935e-01
2.720000e-01	9.005436e-01
2.730000e-01	9.032925e-01
2.740000e-01	9.060401e-01
2.750000e-01	9.087865e-01
2.760000e-01	9.115317e-01
2.770000e-01	9.142758e-01
2.780000e-01	9.170187e-01
2.790000e-01	9.197606e-01
2.800000e-01	9.225014e-01
2.810000e-01	9.252411e-01
2.820000e-01	9.279798e-01
2.830000e-01	9.307176e-01
2.840000e-01	9.334543e-01
2.850000e-01	9.361901e-01
2.860000e-01	9.389251e-01
2.870000e-01	9.416591e-01
2.880000e-01	9.443922e-01
2.890000e-01	9.471245e-01
2.900000e-01	9.498559e-01
2.910000e-01	9.525866e-01
2.920000e-01	9.553164e-01
2.930000e-01	9.580455e-01
2.940000e-01	9.607737e-01
2.950000e-01	9.635013e-01
2.960000e-01	9.662281e-01
2.970000e-01	9.689541e-01
2.980000e-01	9.716794e-01
2.990000e-01	9.744040e-01
