1.000000e-03 	 1.000000e+00 
2.000000e-03 	 9.982266e-01 
3.000000e-03 	 9.929157e-01 
4.000000e-03 	 9.841267e-01 
5.000000e-03 	 9.719561e-01 
6.000000e-03 	 9.565345e-01 
7.000000e-03 	 9.380240e-01 
8.000000e-03 	 9.166144e-01 
9.000000e-03 	 8.925199e-01 
1.000000e-02 	 8.659751e-01 
1.100000e-02 	 8.372316e-01 
1.200000e-02 	 8.065536e-01 
1.300000e-02 	 7.742144e-01 
1.400000e-02 	 7.404929e-01 
1.500000e-02 	 7.056695e-01 
1.600000e-02 	 6.700231e-01 
1.700000e-02 	 6.338276e-01 
1.800000e-02 	 5.973492e-01 
1.900000e-02 	 5.608438e-01 
2.000000e-02 	 5.245540e-01 
2.100000e-02 	 4.887071e-01 
2.200000e-02 	 4.535134e-01 
2.300000e-02 	 4.191644e-01 
2.400000e-02 	 3.858314e-01 
2.500000e-02 	 3.536648e-01 
2.600000e-02 	 3.227933e-01 
2.700000e-02 	 2.933234e-01 
2.800000e-02 	 2.653398e-01 
2.900000e-02 	 2.389053e-01 
3.000000e-02 	 2.140613e-01 
3.100000e-02 	 1.908290e-01 
3.200000e-02 	 1.692101e-01 
3.300000e-02 	 1.491882e-01 
3.400000e-02 	 1.307304e-01 
3.500000e-02 	 1.137884e-01 
3.600000e-02 	 9.830087e-02 
3.700000e-02 	 8.419465e-02 
3.800000e-02 	 7.138719e-02 
3.900000e-02 	 5.978815e-02 
4.000000e-02 	 4.930127e-02 
4.100000e-02 	 3.982621e-02 
4.200000e-02 	 3.126023e-02 
4.300000e-02 	 2.349982e-02 
4.400000e-02 	 1.644232e-02 
4.500000e-02 	 9.987318e-03 
4.600000e-02 	 4.037936e-03 
4.700000e-02 	 -1.498028e-03 
4.800000e-02 	 -6.707078e-03 
4.900000e-02 	 -1.166924e-02 
5.000000e-02 	 -1.645730e-02 
5.100000e-02 	 -2.113629e-02 
5.200000e-02 	 -2.576312e-02 
5.300000e-02 	 -3.038625e-02 
5.400000e-02 	 -3.504554e-02 
5.500000e-02 	 -3.977233e-02 
5.600000e-02 	 -4.458966e-02 
5.700000e-02 	 -4.951243e-02 
5.800000e-02 	 -5.454775e-02 
5.900000e-02 	 -5.969539e-02 
6.000000e-02 	 -6.494838e-02 
6.100000e-02 	 -7.029345e-02 
6.200000e-02 	 -7.571180e-02 
6.300000e-02 	 -8.117975e-02 
6.400000e-02 	 -8.666939e-02 
6.500000e-02 	 -9.214939e-02 
6.600000e-02 	 -9.758556e-02 
6.700000e-02 	 -1.029417e-01 
6.800000e-02 	 -1.081802e-01 
6.900000e-02 	 -1.132630e-01 
7.000000e-02 	 -1.181520e-01 
7.100000e-02 	 -1.228096e-01 
7.200000e-02 	 -1.271999e-01 
7.300000e-02 	 -1.312886e-01 
7.400000e-02 	 -1.350434e-01 
7.500000e-02 	 -1.384349e-01 
7.600000e-02 	 -1.414364e-01 
7.700000e-02 	 -1.440245e-01 
7.800000e-02 	 -1.461793e-01 
7.900000e-02 	 -1.478847e-01 
8.000000e-02 	 -1.491282e-01 
8.100000e-02 	 -1.499013e-01 
8.200000e-02 	 -1.501994e-01 
8.300000e-02 	 -1.500221e-01 
8.400000e-02 	 -1.493727e-01 
8.500000e-02 	 -1.482585e-01 
8.600000e-02 	 -1.466906e-01 
8.700000e-02 	 -1.446839e-01 
8.800000e-02 	 -1.422565e-01 
8.900000e-02 	 -1.394301e-01 
9.000000e-02 	 -1.362291e-01 
9.100000e-02 	 -1.326810e-01 
9.200000e-02 	 -1.288157e-01 
9.300000e-02 	 -1.246656e-01 
9.400000e-02 	 -1.202649e-01 
9.500000e-02 	 -1.156498e-01 
9.600000e-02 	 -1.108574e-01 
9.700000e-02 	 -1.059260e-01 
9.800000e-02 	 -1.008939e-01 
9.900000e-02 	 -9.579966e-02 
1.000000e-01 	 -9.068087e-02 
1.010000e-01 	 -8.557425e-02 
1.020000e-01 	 -8.051506e-02 
1.030000e-01 	 -7.553682e-02 
1.040000e-01 	 -7.067097e-02 
1.050000e-01 	 -6.594661e-02 
1.060000e-01 	 -6.139028e-02 
1.070000e-01 	 -5.702576e-02 
1.080000e-01 	 -5.287384e-02 
1.090000e-01 	 -4.895225e-02 
1.100000e-01 	 -4.527552e-02 
1.110000e-01 	 -4.185492e-02 
1.120000e-01 	 -3.869847e-02 
1.130000e-01 	 -3.581089e-02 
1.140000e-01 	 -3.319365e-02 
1.150000e-01 	 -3.084510e-02 
1.160000e-01 	 -2.876063e-02 
1.170000e-01 	 -2.693277e-02 
1.180000e-01 	 -2.535142e-02 
1.190000e-01 	 -2.400403e-02 
1.200000e-01 	 -2.287573e-02 
1.210000e-01 	 -2.194952e-02 
1.220000e-01 	 -2.120657e-02 
1.230000e-01 	 -2.062642e-02 
1.240000e-01 	 -2.018723e-02 
1.250000e-01 	 -1.986599e-02 
1.260000e-01 	 -1.963891e-02 
1.270000e-01 	 -1.948171e-02 
1.280000e-01 	 -1.936989e-02 
1.290000e-01 	 -1.927907e-02 
1.300000e-01 	 -1.918534e-02 
1.310000e-01 	 -1.906553e-02 
1.320000e-01 	 -1.889754e-02 
1.330000e-01 	 -1.866067e-02 
1.340000e-01 	 -1.833592e-02 
1.350000e-01 	 -1.790615e-02 
1.360000e-01 	 -1.735638e-02 
1.370000e-01 	 -1.667398e-02 
1.380000e-01 	 -1.584877e-02 
1.390000e-01 	 -1.487324e-02 
1.400000e-01 	 -1.374275e-02 
1.410000e-01 	 -1.245543e-02 
1.420000e-01 	 -1.101228e-02 
1.430000e-01 	 -9.417081e-03 
1.440000e-01 	 -7.676271e-03 
1.450000e-01 	 -5.798742e-03 
1.460000e-01 	 -3.795707e-03 
1.470000e-01 	 -1.680519e-03 
1.480000e-01 	 5.315315e-04 
1.490000e-01 	 2.823453e-03 
1.500000e-01 	 5.176930e-03 
1.510000e-01 	 7.572518e-03 
1.520000e-01 	 9.989993e-03 
1.530000e-01 	 1.240871e-02 
1.540000e-01 	 1.480784e-02 
1.550000e-01 	 1.716666e-02 
1.560000e-01 	 1.946486e-02 
1.570000e-01 	 2.168275e-02 
1.580000e-01 	 2.380143e-02 
1.590000e-01 	 2.580302e-02 
1.600000e-01 	 2.767100e-02 
1.610000e-01 	 2.939033e-02 
1.620000e-01 	 3.094768e-02 
1.630000e-01 	 3.233151e-02 
1.640000e-01 	 3.353229e-02 
1.650000e-01 	 3.454255e-02 
1.660000e-01 	 3.535684e-02 
1.670000e-01 	 3.597173e-02 
1.680000e-01 	 3.638587e-02 
1.690000e-01 	 3.659980e-02 
1.700000e-01 	 3.661600e-02 
1.710000e-01 	 3.643874e-02 
1.720000e-01 	 3.607404e-02 
1.730000e-01 	 3.552958e-02 
1.740000e-01 	 3.481453e-02 
1.750000e-01 	 3.393934e-02 
1.760000e-01 	 3.291539e-02 
1.770000e-01 	 3.175500e-02 
1.780000e-01 	 3.047112e-02 
1.790000e-01 	 2.907709e-02 
1.800000e-01 	 2.758635e-02 
1.810000e-01 	 2.601239e-02 
1.820000e-01 	 2.436862e-02 
1.830000e-01 	 2.266824e-02 
1.840000e-01 	 2.092418e-02 
1.850000e-01 	 1.914893e-02 
1.860000e-01 	 1.735460e-02 
1.870000e-01 	 1.555288e-02 
1.880000e-01 	 1.375510e-02 
1.890000e-01 	 1.197216e-02 
1.900000e-01 	 1.021437e-02 
1.910000e-01 	 8.491597e-03 
1.920000e-01 	 6.813320e-03 
1.930000e-01 	 5.188592e-03 
1.940000e-01 	 3.626192e-03 
1.950000e-01 	 2.134551e-03 
1.960000e-01 	 7.218896e-04 
1.970000e-01 	 -6.038311e-04 
1.980000e-01 	 -1.834904e-03 
1.990000e-01 	 -2.963863e-03 
2.000000e-01 	 -3.983488e-03 
2.010000e-01 	 -4.886834e-03 
2.020000e-01 	 -5.667106e-03 
2.030000e-01 	 -6.317899e-03 
2.040000e-01 	 -6.833141e-03 
2.050000e-01 	 -7.207209e-03 
2.060000e-01 	 -7.434903e-03 
2.070000e-01 	 -7.511514e-03 
2.080000e-01 	 -7.432848e-03 
2.090000e-01 	 -7.195489e-03 
2.100000e-01 	 -6.796741e-03 
2.110000e-01 	 -6.234831e-03 
2.120000e-01 	 -5.508977e-03 
2.130000e-01 	 -4.619444e-03 
2.140000e-01 	 -3.567632e-03 
2.150000e-01 	 -2.356109e-03 
2.160000e-01 	 -9.887062e-04 
2.170000e-01 	 5.294687e-04 
2.180000e-01 	 2.191996e-03 
2.190000e-01 	 3.991154e-03 
2.200000e-01 	 5.917994e-03 
2.210000e-01 	 7.962438e-03 
2.220000e-01 	 1.011327e-02 
2.230000e-01 	 1.235825e-02 
2.240000e-01 	 1.468416e-02 
2.250000e-01 	 1.707699e-02 
2.260000e-01 	 1.952203e-02 
2.270000e-01 	 2.200423e-02 
2.280000e-01 	 2.450839e-02 
2.290000e-01 	 2.701939e-02 
2.300000e-01 	 2.952250e-02 
2.310000e-01 	 3.200354e-02 
2.320000e-01 	 3.444920e-02 
2.330000e-01 	 3.684718e-02 
2.340000e-01 	 3.918647e-02 
2.350000e-01 	 4.145747e-02 
2.360000e-01 	 4.365220e-02 
2.370000e-01 	 4.576435e-02 
2.380000e-01 	 4.778929e-02 
2.390000e-01 	 4.972419e-02 
2.400000e-01 	 5.156796e-02 
2.410000e-01 	 5.332121e-02 
2.420000e-01 	 5.498618e-02 
2.430000e-01 	 5.656663e-02 
2.440000e-01 	 5.806782e-02 
2.450000e-01 	 5.949636e-02 
2.460000e-01 	 6.086023e-02 
2.470000e-01 	 6.216848e-02 
2.480000e-01 	 6.343130e-02 
2.490000e-01 	 6.465956e-02 
2.500000e-01 	 6.586457e-02 
2.510000e-01 	 6.705800e-02 
2.520000e-01 	 6.825153e-02 
2.530000e-01 	 6.945662e-02 
2.540000e-01 	 7.068435e-02 
2.550000e-01 	 7.194521e-02 
2.560000e-01 	 7.324892e-02 
2.570000e-01 	 7.460407e-02 
2.580000e-01 	 7.601796e-02 
2.590000e-01 	 7.749645e-02 
2.600000e-01 	 7.904381e-02 
2.610000e-01 	 8.066260e-02 
2.620000e-01 	 8.235372e-02 
2.630000e-01 	 8.411644e-02 
2.640000e-01 	 8.594842e-02 
2.650000e-01 	 8.784584e-02 
2.660000e-01 	 8.980344e-02 
2.670000e-01 	 9.181461e-02 
2.680000e-01 	 9.387151e-02 
2.690000e-01 	 9.596516e-02 
2.700000e-01 	 9.808560e-02 
2.710000e-01 	 1.002220e-01 
2.720000e-01 	 1.023630e-01 
2.730000e-01 	 1.044964e-01 
2.740000e-01 	 1.066099e-01 
2.750000e-01 	 1.086909e-01 
2.760000e-01 	 1.107266e-01 
2.770000e-01 	 1.127043e-01 
2.780000e-01 	 1.146116e-01 
2.790000e-01 	 1.164364e-01 
2.800000e-01 	 1.181674e-01 
2.810000e-01 	 1.197943e-01 
2.820000e-01 	 1.213073e-01 
2.830000e-01 	 1.226978e-01 
2.840000e-01 	 1.239582e-01 
2.850000e-01 	 1.250820e-01 
2.860000e-01 	 1.260636e-01 
2.870000e-01 	 1.268986e-01 
2.880000e-01 	 1.275837e-01 
2.890000e-01 	 1.281167e-01 
2.900000e-01 	 1.284966e-01 
2.910000e-01 	 1.287231e-01 
2.920000e-01 	 1.287971e-01 
2.930000e-01 	 1.287204e-01 
2.940000e-01 	 1.284955e-01 
2.950000e-01 	 1.281256e-01 
2.960000e-01 	 1.276144e-01 
2.970000e-01 	 1.269663e-01 
2.980000e-01 	 1.261863e-01 
2.990000e-01 	 1.252796e-01 
3.000000e-01 	 1.242520e-01 
