0.000000e+00 	 4.947619e+02 
1.000000e-01 	 4.947619e+02 
2.000000e-01 	 4.700075e+02 
3.000000e-01 	 4.614786e+02 
4.000000e-01 	 4.776971e+02 
5.000000e-01 	 4.848416e+02 
6.000000e-01 	 4.735727e+02 
7.000000e-01 	 4.701299e+02 
8.000000e-01 	 4.818974e+02 
9.000000e-01 	 4.856785e+02 
1.000000e+00 	 4.745781e+02 
1.100000e+00 	 4.695148e+02 
1.200000e+00 	 4.778082e+02 
1.300000e+00 	 4.825157e+02 
1.400000e+00 	 4.772332e+02 
1.500000e+00 	 4.742796e+02 
1.600000e+00 	 4.778434e+02 
1.700000e+00 	 4.787078e+02 
1.800000e+00 	 4.749938e+02 
1.900000e+00 	 4.748066e+02 
2.000000e+00 	 4.793005e+02 
2.100000e+00 	 4.805983e+02 
2.200000e+00 	 4.762952e+02 
2.300000e+00 	 4.731395e+02 
2.400000e+00 	 4.753594e+02 
2.500000e+00 	 4.791874e+02 
2.600000e+00 	 4.806600e+02 
2.700000e+00 	 4.794665e+02 
2.800000e+00 	 4.759347e+02 
2.900000e+00 	 4.729575e+02 
3.000000e+00 	 4.745717e+02 
3.100000e+00 	 4.782627e+02 
3.200000e+00 	 4.785991e+02 
3.300000e+00 	 4.771170e+02 
3.400000e+00 	 4.784297e+02 
3.500000e+00 	 4.802291e+02 
3.600000e+00 	 4.772464e+02 
3.700000e+00 	 4.727891e+02 
3.800000e+00 	 4.742045e+02 
3.900000e+00 	 4.792305e+02 
4.000000e+00 	 4.801180e+02 
4.100000e+00 	 4.771979e+02 
4.200000e+00 	 4.759426e+02 
4.300000e+00 	 4.764933e+02 
4.400000e+00 	 4.766121e+02 
4.500000e+00 	 4.768250e+02 
4.600000e+00 	 4.775970e+02 
4.700000e+00 	 4.775809e+02 
4.800000e+00 	 4.768032e+02 
4.900000e+00 	 4.767035e+02 
5.000000e+00 	 4.774290e+02 
5.100000e+00 	 4.780816e+02 
5.200000e+00 	 4.780498e+02 
5.300000e+00 	 4.772222e+02 
5.400000e+00 	 4.763279e+02 
5.500000e+00 	 4.761096e+02 
5.600000e+00 	 4.762092e+02 
5.700000e+00 	 4.765635e+02 
5.800000e+00 	 4.779748e+02 
5.900000e+00 	 4.792803e+02 
6.000000e+00 	 4.779309e+02 
6.100000e+00 	 4.750784e+02 
6.200000e+00 	 4.749975e+02 
6.300000e+00 	 4.775720e+02 
6.400000e+00 	 4.780643e+02 
6.500000e+00 	 4.766204e+02 
6.600000e+00 	 4.778645e+02 
6.700000e+00 	 4.807259e+02 
6.800000e+00 	 4.785522e+02 
6.900000e+00 	 4.721706e+02 
7.000000e+00 	 4.716006e+02 
7.100000e+00 	 4.789256e+02 
7.200000e+00 	 4.828999e+02 
7.300000e+00 	 4.778944e+02 
7.400000e+00 	 4.731190e+02 
7.500000e+00 	 4.761696e+02 
7.600000e+00 	 4.807165e+02 
7.700000e+00 	 4.784286e+02 
7.800000e+00 	 4.737752e+02 
7.900000e+00 	 4.753943e+02 
8.000000e+00 	 4.797890e+02 
8.100000e+00 	 4.788044e+02 
8.200000e+00 	 4.747688e+02 
8.300000e+00 	 4.749693e+02 
8.400000e+00 	 4.782897e+02 
8.500000e+00 	 4.787078e+02 
8.600000e+00 	 4.767021e+02 
8.700000e+00 	 4.771263e+02 
8.800000e+00 	 4.788385e+02 
8.900000e+00 	 4.769475e+02 
9.000000e+00 	 4.734202e+02 
9.100000e+00 	 4.744015e+02 
9.200000e+00 	 4.794691e+02 
9.300000e+00 	 4.820210e+02 
9.400000e+00 	 4.786926e+02 
9.500000e+00 	 4.738193e+02 
9.600000e+00 	 4.736562e+02 
9.700000e+00 	 4.776198e+02 
9.800000e+00 	 4.791583e+02 
9.900000e+00 	 4.763783e+02 
1.000000e+01 	 4.752174e+02 
1.010000e+01 	 4.785687e+02 
1.020000e+01 	 4.805043e+02 
1.030000e+01 	 4.772007e+02 
1.040000e+01 	 4.740933e+02 
1.050000e+01 	 4.756968e+02 
1.060000e+01 	 4.782923e+02 
1.070000e+01 	 4.779975e+02 
1.080000e+01 	 4.767936e+02 
1.090000e+01 	 4.764639e+02 
1.100000e+01 	 4.761783e+02 
1.110000e+01 	 4.770153e+02 
1.120000e+01 	 4.797781e+02 
1.130000e+01 	 4.801414e+02 
1.140000e+01 	 4.753983e+02 
1.150000e+01 	 4.718915e+02 
1.160000e+01 	 4.755484e+02 
1.170000e+01 	 4.806528e+02 
1.180000e+01 	 4.794110e+02 
1.190000e+01 	 4.752365e+02 
1.200000e+01 	 4.760126e+02 
1.210000e+01 	 4.794431e+02 
1.220000e+01 	 4.775991e+02 
1.230000e+01 	 4.731808e+02 
1.240000e+01 	 4.751183e+02 
1.250000e+01 	 4.806691e+02 
1.260000e+01 	 4.802883e+02 
1.270000e+01 	 4.761041e+02 
1.280000e+01 	 4.761829e+02 
1.290000e+01 	 4.781005e+02 
1.300000e+01 	 4.757599e+02 
1.310000e+01 	 4.738989e+02 
1.320000e+01 	 4.782443e+02 
1.330000e+01 	 4.812875e+02 
1.340000e+01 	 4.760785e+02 
1.350000e+01 	 4.718542e+02 
1.360000e+01 	 4.770337e+02 
1.370000e+01 	 4.820201e+02 
1.380000e+01 	 4.781010e+02 
1.390000e+01 	 4.737414e+02 
1.400000e+01 	 4.766777e+02 
1.410000e+01 	 4.799013e+02 
1.420000e+01 	 4.772627e+02 
1.430000e+01 	 4.748117e+02 
1.440000e+01 	 4.772306e+02 
1.450000e+01 	 4.789284e+02 
1.460000e+01 	 4.767211e+02 
1.470000e+01 	 4.755567e+02 
1.480000e+01 	 4.766499e+02 
1.490000e+01 	 4.760485e+02 
1.500000e+01 	 4.753386e+02 
1.510000e+01 	 4.788712e+02 
1.520000e+01 	 4.827020e+02 
1.530000e+01 	 4.793880e+02 
1.540000e+01 	 4.725174e+02 
1.550000e+01 	 4.720133e+02 
1.560000e+01 	 4.770982e+02 
1.570000e+01 	 4.793586e+02 
1.580000e+01 	 4.780957e+02 
1.590000e+01 	 4.782416e+02 
1.600000e+01 	 4.789561e+02 
1.610000e+01 	 4.764470e+02 
1.620000e+01 	 4.733053e+02 
1.630000e+01 	 4.746394e+02 
1.640000e+01 	 4.789800e+02 
1.650000e+01 	 4.809397e+02 
1.660000e+01 	 4.794253e+02 
1.670000e+01 	 4.765657e+02 
1.680000e+01 	 4.735254e+02 
1.690000e+01 	 4.727768e+02 
1.700000e+01 	 4.762678e+02 
1.710000e+01 	 4.795432e+02 
1.720000e+01 	 4.783215e+02 
1.730000e+01 	 4.769926e+02 
1.740000e+01 	 4.795852e+02 
1.750000e+01 	 4.802637e+02 
1.760000e+01 	 4.752038e+02 
1.770000e+01 	 4.723932e+02 
1.780000e+01 	 4.772565e+02 
1.790000e+01 	 4.811727e+02 
1.800000e+01 	 4.767743e+02 
1.810000e+01 	 4.716797e+02 
1.820000e+01 	 4.745849e+02 
1.830000e+01 	 4.805609e+02 
1.840000e+01 	 4.809927e+02 
1.850000e+01 	 4.774179e+02 
1.860000e+01 	 4.760209e+02 
1.870000e+01 	 4.769774e+02 
1.880000e+01 	 4.767905e+02 
1.890000e+01 	 4.753933e+02 
1.900000e+01 	 4.754609e+02 
1.910000e+01 	 4.780518e+02 
1.920000e+01 	 4.802558e+02 
1.930000e+01 	 4.782414e+02 
1.940000e+01 	 4.740902e+02 
1.950000e+01 	 4.738780e+02 
1.960000e+01 	 4.776830e+02 
1.970000e+01 	 4.795769e+02 
1.980000e+01 	 4.779253e+02 
1.990000e+01 	 4.771970e+02 
2.000000e+01 	 4.784813e+02 
2.010000e+01 	 4.770230e+02 
2.020000e+01 	 4.726759e+02 
2.030000e+01 	 4.729104e+02 
2.040000e+01 	 4.795695e+02 
2.050000e+01 	 4.834635e+02 
2.060000e+01 	 4.786344e+02 
2.070000e+01 	 4.725532e+02 
2.080000e+01 	 4.741636e+02 
2.090000e+01 	 4.793346e+02 
2.100000e+01 	 4.789745e+02 
2.110000e+01 	 4.751652e+02 
2.120000e+01 	 4.758690e+02 
2.130000e+01 	 4.795272e+02 
2.140000e+01 	 4.784085e+02 
2.150000e+01 	 4.739444e+02 
2.160000e+01 	 4.743306e+02 
2.170000e+01 	 4.793623e+02 
2.180000e+01 	 4.810989e+02 
2.190000e+01 	 4.772861e+02 
2.200000e+01 	 4.732795e+02 
2.210000e+01 	 4.735992e+02 
2.220000e+01 	 4.774804e+02 
2.230000e+01 	 4.807072e+02 
2.240000e+01 	 4.799708e+02 
2.250000e+01 	 4.765688e+02 
2.260000e+01 	 4.745442e+02 
2.270000e+01 	 4.750708e+02 
2.280000e+01 	 4.764049e+02 
2.290000e+01 	 4.777874e+02 
2.300000e+01 	 4.789090e+02 
2.310000e+01 	 4.784650e+02 
2.320000e+01 	 4.767624e+02 
2.330000e+01 	 4.758629e+02 
2.340000e+01 	 4.760161e+02 
2.350000e+01 	 4.759479e+02 
2.360000e+01 	 4.768262e+02 
2.370000e+01 	 4.796783e+02 
2.380000e+01 	 4.806529e+02 
2.390000e+01 	 4.766728e+02 
2.400000e+01 	 4.727605e+02 
2.410000e+01 	 4.744373e+02 
2.420000e+01 	 4.781035e+02 
2.430000e+01 	 4.783758e+02 
2.440000e+01 	 4.776796e+02 
2.450000e+01 	 4.788353e+02 
2.460000e+01 	 4.778440e+02 
2.470000e+01 	 4.736524e+02 
2.480000e+01 	 4.734747e+02 
2.490000e+01 	 4.791532e+02 
2.500000e+01 	 4.818722e+02 
2.510000e+01 	 4.776566e+02 
2.520000e+01 	 4.743399e+02 
2.530000e+01 	 4.768245e+02 
2.540000e+01 	 4.786555e+02 
2.550000e+01 	 4.753589e+02 
2.560000e+01 	 4.731643e+02 
2.570000e+01 	 4.771103e+02 
2.580000e+01 	 4.813377e+02 
2.590000e+01 	 4.791638e+02 
2.600000e+01 	 4.746405e+02 
2.610000e+01 	 4.750019e+02 
2.620000e+01 	 4.782061e+02 
2.630000e+01 	 4.784737e+02 
2.640000e+01 	 4.763391e+02 
2.650000e+01 	 4.752768e+02 
2.660000e+01 	 4.758308e+02 
2.670000e+01 	 4.777587e+02 
2.680000e+01 	 4.802185e+02 
2.690000e+01 	 4.795801e+02 
2.700000e+01 	 4.754071e+02 
2.710000e+01 	 4.737794e+02 
2.720000e+01 	 4.768665e+02 
2.730000e+01 	 4.775715e+02 
2.740000e+01 	 4.740447e+02 
2.750000e+01 	 4.750160e+02 
2.760000e+01 	 4.819458e+02 
2.770000e+01 	 4.835179e+02 
2.780000e+01 	 4.761571e+02 
2.790000e+01 	 4.715306e+02 
2.800000e+01 	 4.752958e+02 
2.810000e+01 	 4.781441e+02 
2.820000e+01 	 4.757635e+02 
2.830000e+01 	 4.761801e+02 
2.840000e+01 	 4.807697e+02 
2.850000e+01 	 4.807207e+02 
2.860000e+01 	 4.753272e+02 
2.870000e+01 	 4.739281e+02 
2.880000e+01 	 4.776312e+02 
2.890000e+01 	 4.779219e+02 
2.900000e+01 	 4.742434e+02 
2.910000e+01 	 4.748172e+02 
2.920000e+01 	 4.800172e+02 
2.930000e+01 	 4.812582e+02 
2.940000e+01 	 4.767528e+02 
2.950000e+01 	 4.738645e+02 
2.960000e+01 	 4.757110e+02 
2.970000e+01 	 4.773874e+02 
2.980000e+01 	 4.766595e+02 
2.990000e+01 	 4.771961e+02 
3.000000e+01 	 4.791860e+02 
3.010000e+01 	 4.785195e+02 
3.020000e+01 	 4.760908e+02 
3.030000e+01 	 4.762424e+02 
3.040000e+01 	 4.775944e+02 
3.050000e+01 	 4.763928e+02 
3.060000e+01 	 4.749923e+02 
3.070000e+01 	 4.767805e+02 
3.080000e+01 	 4.784990e+02 
3.090000e+01 	 4.771958e+02 
3.100000e+01 	 4.767032e+02 
3.110000e+01 	 4.787685e+02 
3.120000e+01 	 4.784461e+02 
3.130000e+01 	 4.745819e+02 
3.140000e+01 	 4.736930e+02 
3.150000e+01 	 4.780563e+02 
3.160000e+01 	 4.810250e+02 
3.170000e+01 	 4.787254e+02 
3.180000e+01 	 4.755107e+02 
3.190000e+01 	 4.753280e+02 
3.200000e+01 	 4.765721e+02 
3.210000e+01 	 4.764562e+02 
3.220000e+01 	 4.753163e+02 
3.230000e+01 	 4.759780e+02 
3.240000e+01 	 4.792414e+02 
3.250000e+01 	 4.813400e+02 
3.260000e+01 	 4.785122e+02 
3.270000e+01 	 4.736564e+02 
3.280000e+01 	 4.732727e+02 
3.290000e+01 	 4.773609e+02 
3.300000e+01 	 4.797501e+02 
3.310000e+01 	 4.781631e+02 
3.320000e+01 	 4.763318e+02 
3.330000e+01 	 4.763555e+02 
3.340000e+01 	 4.766808e+02 
3.350000e+01 	 4.765265e+02 
3.360000e+01 	 4.767995e+02 
3.370000e+01 	 4.775623e+02 
3.380000e+01 	 4.780491e+02 
3.390000e+01 	 4.779141e+02 
3.400000e+01 	 4.773244e+02 
3.410000e+01 	 4.765520e+02 
3.420000e+01 	 4.758080e+02 
3.430000e+01 	 4.756711e+02 
3.440000e+01 	 4.770157e+02 
3.450000e+01 	 4.784406e+02 
3.460000e+01 	 4.774848e+02 
3.470000e+01 	 4.754771e+02 
3.480000e+01 	 4.763001e+02 
3.490000e+01 	 4.791430e+02 
3.500000e+01 	 4.791904e+02 
3.510000e+01 	 4.762269e+02 
3.520000e+01 	 4.749125e+02 
3.530000e+01 	 4.762666e+02 
3.540000e+01 	 4.772207e+02 
3.550000e+01 	 4.772015e+02 
3.560000e+01 	 4.775965e+02 
3.570000e+01 	 4.776244e+02 
3.580000e+01 	 4.768563e+02 
3.590000e+01 	 4.769238e+02 
3.600000e+01 	 4.775203e+02 
3.610000e+01 	 4.766714e+02 
3.620000e+01 	 4.758247e+02 
3.630000e+01 	 4.775570e+02 
3.640000e+01 	 4.794912e+02 
3.650000e+01 	 4.778337e+02 
3.660000e+01 	 4.747363e+02 
3.670000e+01 	 4.742885e+02 
3.680000e+01 	 4.758283e+02 
3.690000e+01 	 4.778747e+02 
3.700000e+01 	 4.804002e+02 
3.710000e+01 	 4.807052e+02 
3.720000e+01 	 4.763251e+02 
3.730000e+01 	 4.722790e+02 
3.740000e+01 	 4.747404e+02 
3.750000e+01 	 4.794707e+02 
3.760000e+01 	 4.784186e+02 
3.770000e+01 	 4.745266e+02 
3.780000e+01 	 4.758762e+02 
3.790000e+01 	 4.802653e+02 
3.800000e+01 	 4.799161e+02 
3.810000e+01 	 4.758133e+02 
3.820000e+01 	 4.748489e+02 
3.830000e+01 	 4.771548e+02 
3.840000e+01 	 4.774940e+02 
3.850000e+01 	 4.756328e+02 
3.860000e+01 	 4.757754e+02 
3.870000e+01 	 4.779601e+02 
3.880000e+01 	 4.785624e+02 
3.890000e+01 	 4.773426e+02 
3.900000e+01 	 4.770310e+02 
3.910000e+01 	 4.776178e+02 
3.920000e+01 	 4.767545e+02 
3.930000e+01 	 4.753271e+02 
3.940000e+01 	 4.764293e+02 
3.950000e+01 	 4.786808e+02 
3.960000e+01 	 4.783868e+02 
3.970000e+01 	 4.764080e+02 
3.980000e+01 	 4.755995e+02 
3.990000e+01 	 4.756432e+02 
4.000000e+01 	 4.761870e+02 
4.010000e+01 	 4.779970e+02 
4.020000e+01 	 4.791979e+02 
4.030000e+01 	 4.777430e+02 
4.040000e+01 	 4.763642e+02 
4.050000e+01 	 4.773498e+02 
4.060000e+01 	 4.773218e+02 
4.070000e+01 	 4.750306e+02 
4.080000e+01 	 4.755069e+02 
4.090000e+01 	 4.793120e+02 
4.100000e+01 	 4.797201e+02 
4.110000e+01 	 4.757438e+02 
4.120000e+01 	 4.744754e+02 
4.130000e+01 	 4.773049e+02 
4.140000e+01 	 4.781449e+02 
4.150000e+01 	 4.765579e+02 
4.160000e+01 	 4.771300e+02 
4.170000e+01 	 4.783645e+02 
4.180000e+01 	 4.765177e+02 
4.190000e+01 	 4.748829e+02 
4.200000e+01 	 4.765651e+02 
4.210000e+01 	 4.782976e+02 
4.220000e+01 	 4.778833e+02 
4.230000e+01 	 4.777285e+02 
4.240000e+01 	 4.781309e+02 
4.250000e+01 	 4.765050e+02 
4.260000e+01 	 4.741226e+02 
4.270000e+01 	 4.753659e+02 
4.280000e+01 	 4.793967e+02 
4.290000e+01 	 4.801496e+02 
4.300000e+01 	 4.765150e+02 
4.310000e+01 	 4.744584e+02 
4.320000e+01 	 4.765736e+02 
4.330000e+01 	 4.783102e+02 
4.340000e+01 	 4.768988e+02 
4.350000e+01 	 4.762191e+02 
4.360000e+01 	 4.783830e+02 
4.370000e+01 	 4.788036e+02 
4.380000e+01 	 4.752156e+02 
4.390000e+01 	 4.730346e+02 
4.400000e+01 	 4.763483e+02 
4.410000e+01 	 4.810010e+02 
4.420000e+01 	 4.814118e+02 
4.430000e+01 	 4.777070e+02 
4.440000e+01 	 4.737348e+02 
4.450000e+01 	 4.729181e+02 
4.460000e+01 	 4.758878e+02 
4.470000e+01 	 4.792474e+02 
4.480000e+01 	 4.789574e+02 
4.490000e+01 	 4.766781e+02 
4.500000e+01 	 4.768986e+02 
4.510000e+01 	 4.784175e+02 
4.520000e+01 	 4.767419e+02 
4.530000e+01 	 4.739144e+02 
4.540000e+01 	 4.753821e+02 
4.550000e+01 	 4.793614e+02 
4.560000e+01 	 4.801003e+02 
4.570000e+01 	 4.780701e+02 
4.580000e+01 	 4.768321e+02 
4.590000e+01 	 4.758795e+02 
4.600000e+01 	 4.745821e+02 
4.610000e+01 	 4.758136e+02 
4.620000e+01 	 4.790694e+02 
4.630000e+01 	 4.791692e+02 
4.640000e+01 	 4.757276e+02 
4.650000e+01 	 4.746025e+02 
4.660000e+01 	 4.775538e+02 
4.670000e+01 	 4.795905e+02 
4.680000e+01 	 4.779523e+02 
4.690000e+01 	 4.755321e+02 
4.700000e+01 	 4.752795e+02 
4.710000e+01 	 4.768222e+02 
4.720000e+01 	 4.781296e+02 
4.730000e+01 	 4.777211e+02 
4.740000e+01 	 4.765981e+02 
4.750000e+01 	 4.769202e+02 
4.760000e+01 	 4.784011e+02 
4.770000e+01 	 4.781665e+02 
4.780000e+01 	 4.754626e+02 
4.790000e+01 	 4.735328e+02 
4.800000e+01 	 4.756469e+02 
4.810000e+01 	 4.798843e+02 
4.820000e+01 	 4.809031e+02 
4.830000e+01 	 4.774066e+02 
4.840000e+01 	 4.743770e+02 
4.850000e+01 	 4.757043e+02 
4.860000e+01 	 4.780921e+02 
4.870000e+01 	 4.773181e+02 
4.880000e+01 	 4.757679e+02 
4.890000e+01 	 4.772597e+02 
4.900000e+01 	 4.791560e+02 
4.910000e+01 	 4.778651e+02 
4.920000e+01 	 4.755206e+02 
4.930000e+01 	 4.753218e+02 
4.940000e+01 	 4.766220e+02 
4.950000e+01 	 4.777635e+02 
4.960000e+01 	 4.781098e+02 
4.970000e+01 	 4.776054e+02 
4.980000e+01 	 4.770164e+02 
4.990000e+01 	 4.771383e+02 
5.000000e+01 	 4.769295e+02 
5.010000e+01 	 4.756141e+02 
5.020000e+01 	 4.755686e+02 
5.030000e+01 	 4.779914e+02 
5.040000e+01 	 4.790393e+02 
5.050000e+01 	 4.768358e+02 
5.060000e+01 	 4.756375e+02 
5.070000e+01 	 4.773613e+02 
5.080000e+01 	 4.778815e+02 
5.090000e+01 	 4.760860e+02 
5.100000e+01 	 4.763060e+02 
5.110000e+01 	 4.788175e+02 
5.120000e+01 	 4.784986e+02 
5.130000e+01 	 4.752271e+02 
5.140000e+01 	 4.748213e+02 
5.150000e+01 	 4.782209e+02 
5.160000e+01 	 4.797875e+02 
5.170000e+01 	 4.772247e+02 
5.180000e+01 	 4.745659e+02 
5.190000e+01 	 4.749303e+02 
5.200000e+01 	 4.769768e+02 
5.210000e+01 	 4.783749e+02 
5.220000e+01 	 4.787470e+02 
5.230000e+01 	 4.786467e+02 
5.240000e+01 	 4.778537e+02 
5.250000e+01 	 4.757340e+02 
5.260000e+01 	 4.737208e+02 
5.270000e+01 	 4.744450e+02 
5.280000e+01 	 4.774350e+02 
5.290000e+01 	 4.796229e+02 
5.300000e+01 	 4.793924e+02 
5.310000e+01 	 4.774591e+02 
5.320000e+01 	 4.758303e+02 
5.330000e+01 	 4.761645e+02 
5.340000e+01 	 4.776987e+02 
5.350000e+01 	 4.780378e+02 
5.360000e+01 	 4.765986e+02 
5.370000e+01 	 4.759813e+02 
5.380000e+01 	 4.771074e+02 
5.390000e+01 	 4.769000e+02 
5.400000e+01 	 4.751977e+02 
5.410000e+01 	 4.761956e+02 
5.420000e+01 	 4.792262e+02 
5.430000e+01 	 4.793542e+02 
5.440000e+01 	 4.770954e+02 
5.450000e+01 	 4.761324e+02 
5.460000e+01 	 4.761902e+02 
5.470000e+01 	 4.757719e+02 
5.480000e+01 	 4.768073e+02 
5.490000e+01 	 4.793224e+02 
5.500000e+01 	 4.788591e+02 
5.510000e+01 	 4.750487e+02 
5.520000e+01 	 4.741023e+02 
5.530000e+01 	 4.777301e+02 
5.540000e+01 	 4.797199e+02 
5.550000e+01 	 4.772582e+02 
5.560000e+01 	 4.753666e+02 
5.570000e+01 	 4.769099e+02 
5.580000e+01 	 4.781575e+02 
5.590000e+01 	 4.766345e+02 
5.600000e+01 	 4.755004e+02 
5.610000e+01 	 4.769547e+02 
5.620000e+01 	 4.783597e+02 
5.630000e+01 	 4.776486e+02 
5.640000e+01 	 4.767922e+02 
5.650000e+01 	 4.770991e+02 
5.660000e+01 	 4.768482e+02 
5.670000e+01 	 4.760154e+02 
5.680000e+01 	 4.771627e+02 
5.690000e+01 	 4.793733e+02 
5.700000e+01 	 4.783498e+02 
5.710000e+01 	 4.747148e+02 
5.720000e+01 	 4.739286e+02 
5.730000e+01 	 4.769932e+02 
5.740000e+01 	 4.792703e+02 
5.750000e+01 	 4.783439e+02 
5.760000e+01 	 4.763789e+02 
5.770000e+01 	 4.756911e+02 
5.780000e+01 	 4.765869e+02 
5.790000e+01 	 4.779356e+02 
5.800000e+01 	 4.781151e+02 
5.810000e+01 	 4.766421e+02 
5.820000e+01 	 4.759096e+02 
5.830000e+01 	 4.775603e+02 
5.840000e+01 	 4.781796e+02 
5.850000e+01 	 4.756466e+02 
5.860000e+01 	 4.749745e+02 
5.870000e+01 	 4.790555e+02 
5.880000e+01 	 4.810203e+02 
5.890000e+01 	 4.763200e+02 
5.900000e+01 	 4.721734e+02 
5.910000e+01 	 4.748015e+02 
5.920000e+01 	 4.792107e+02 
5.930000e+01 	 4.794234e+02 
5.940000e+01 	 4.776784e+02 
5.950000e+01 	 4.772466e+02 
5.960000e+01 	 4.766063e+02 
5.970000e+01 	 4.754402e+02 
5.980000e+01 	 4.763435e+02 
5.990000e+01 	 4.785999e+02 
6.000000e+01 	 4.785058e+02 
6.010000e+01 	 4.762411e+02 
6.020000e+01 	 4.756166e+02 
6.030000e+01 	 4.770053e+02 
6.040000e+01 	 4.771928e+02 
6.050000e+01 	 4.759325e+02 
6.060000e+01 	 4.763453e+02 
6.070000e+01 	 4.788043e+02 
6.080000e+01 	 4.800314e+02 
6.090000e+01 	 4.776868e+02 
6.100000e+01 	 4.739072e+02 
6.110000e+01 	 4.733669e+02 
6.120000e+01 	 4.769380e+02 
6.130000e+01 	 4.797186e+02 
6.140000e+01 	 4.789086e+02 
6.150000e+01 	 4.773908e+02 
6.160000e+01 	 4.773178e+02 
6.170000e+01 	 4.769422e+02 
6.180000e+01 	 4.755042e+02 
6.190000e+01 	 4.750493e+02 
6.200000e+01 	 4.767976e+02 
6.210000e+01 	 4.788452e+02 
6.220000e+01 	 4.784935e+02 
6.230000e+01 	 4.763666e+02 
6.240000e+01 	 4.756890e+02 
6.250000e+01 	 4.770169e+02 
6.260000e+01 	 4.778171e+02 
6.270000e+01 	 4.772367e+02 
6.280000e+01 	 4.768521e+02 
6.290000e+01 	 4.771542e+02 
6.300000e+01 	 4.769330e+02 
6.310000e+01 	 4.763950e+02 
6.320000e+01 	 4.771258e+02 
6.330000e+01 	 4.782759e+02 
6.340000e+01 	 4.777707e+02 
6.350000e+01 	 4.765164e+02 
6.360000e+01 	 4.761910e+02 
6.370000e+01 	 4.757976e+02 
6.380000e+01 	 4.753920e+02 
6.390000e+01 	 4.772510e+02 
6.400000e+01 	 4.800340e+02 
6.410000e+01 	 4.795404e+02 
6.420000e+01 	 4.763907e+02 
6.430000e+01 	 4.746104e+02 
6.440000e+01 	 4.747284e+02 
6.450000e+01 	 4.756542e+02 
6.460000e+01 	 4.781829e+02 
6.470000e+01 	 4.806831e+02 
6.480000e+01 	 4.791463e+02 
6.490000e+01 	 4.752318e+02 
6.500000e+01 	 4.747844e+02 
6.510000e+01 	 4.773155e+02 
6.520000e+01 	 4.776299e+02 
6.530000e+01 	 4.759476e+02 
6.540000e+01 	 4.765071e+02 
6.550000e+01 	 4.784797e+02 
6.560000e+01 	 4.779595e+02 
6.570000e+01 	 4.757312e+02 
6.580000e+01 	 4.757109e+02 
6.590000e+01 	 4.779693e+02 
6.600000e+01 	 4.790115e+02 
6.610000e+01 	 4.774669e+02 
6.620000e+01 	 4.756237e+02 
6.630000e+01 	 4.757146e+02 
6.640000e+01 	 4.769042e+02 
6.650000e+01 	 4.774583e+02 
6.660000e+01 	 4.774186e+02 
6.670000e+01 	 4.773463e+02 
6.680000e+01 	 4.766217e+02 
6.690000e+01 	 4.760427e+02 
6.700000e+01 	 4.771083e+02 
6.710000e+01 	 4.781819e+02 
6.720000e+01 	 4.774244e+02 
6.730000e+01 	 4.769198e+02 
6.740000e+01 	 4.780718e+02 
6.750000e+01 	 4.778984e+02 
6.760000e+01 	 4.750455e+02 
6.770000e+01 	 4.738392e+02 
6.780000e+01 	 4.767720e+02 
6.790000e+01 	 4.797401e+02 
6.800000e+01 	 4.794664e+02 
6.810000e+01 	 4.779650e+02 
6.820000e+01 	 4.767637e+02 
6.830000e+01 	 4.747155e+02 
6.840000e+01 	 4.735327e+02 
6.850000e+01 	 4.762260e+02 
6.860000e+01 	 4.800950e+02 
6.870000e+01 	 4.798244e+02 
6.880000e+01 	 4.766929e+02 
6.890000e+01 	 4.759056e+02 
6.900000e+01 	 4.773479e+02 
6.910000e+01 	 4.770784e+02 
6.920000e+01 	 4.751887e+02 
6.930000e+01 	 4.754775e+02 
6.940000e+01 	 4.783114e+02 
6.950000e+01 	 4.796993e+02 
6.960000e+01 	 4.778034e+02 
6.970000e+01 	 4.754791e+02 
6.980000e+01 	 4.756983e+02 
6.990000e+01 	 4.775112e+02 
7.000000e+01 	 4.781473e+02 
7.010000e+01 	 4.770382e+02 
7.020000e+01 	 4.754230e+02 
7.030000e+01 	 4.748901e+02 
7.040000e+01 	 4.763441e+02 
7.050000e+01 	 4.790562e+02 
7.060000e+01 	 4.802710e+02 
7.070000e+01 	 4.784588e+02 
7.080000e+01 	 4.764734e+02 
7.090000e+01 	 4.766480e+02 
7.100000e+01 	 4.765749e+02 
7.110000e+01 	 4.747276e+02 
7.120000e+01 	 4.743734e+02 
7.130000e+01 	 4.771966e+02 
7.140000e+01 	 4.794979e+02 
7.150000e+01 	 4.786997e+02 
7.160000e+01 	 4.772410e+02 
7.170000e+01 	 4.769739e+02 
7.180000e+01 	 4.762817e+02 
7.190000e+01 	 4.754877e+02 
7.200000e+01 	 4.767448e+02 
7.210000e+01 	 4.783503e+02 
7.220000e+01 	 4.778595e+02 
7.230000e+01 	 4.767324e+02 
7.240000e+01 	 4.768335e+02 
7.250000e+01 	 4.772781e+02 
7.260000e+01 	 4.772170e+02 
7.270000e+01 	 4.771338e+02 
7.280000e+01 	 4.770252e+02 
7.290000e+01 	 4.765013e+02 
7.300000e+01 	 4.759925e+02 
7.310000e+01 	 4.758962e+02 
7.320000e+01 	 4.765181e+02 
7.330000e+01 	 4.783959e+02 
7.340000e+01 	 4.802575e+02 
7.350000e+01 	 4.789450e+02 
7.360000e+01 	 4.748027e+02 
7.370000e+01 	 4.729801e+02 
7.380000e+01 	 4.757658e+02 
7.390000e+01 	 4.790549e+02 
7.400000e+01 	 4.792863e+02 
7.410000e+01 	 4.779712e+02 
7.420000e+01 	 4.771698e+02 
7.430000e+01 	 4.765247e+02 
7.440000e+01 	 4.758186e+02 
7.450000e+01 	 4.759237e+02 
7.460000e+01 	 4.768720e+02 
7.470000e+01 	 4.776455e+02 
7.480000e+01 	 4.776048e+02 
7.490000e+01 	 4.769383e+02 
7.500000e+01 	 4.764264e+02 
7.510000e+01 	 4.768000e+02 
7.520000e+01 	 4.777524e+02 
7.530000e+01 	 4.781825e+02 
7.540000e+01 	 4.774202e+02 
7.550000e+01 	 4.757166e+02 
7.560000e+01 	 4.745838e+02 
7.570000e+01 	 4.762238e+02 
7.580000e+01 	 4.795712e+02 
7.590000e+01 	 4.801159e+02 
7.600000e+01 	 4.772506e+02 
7.610000e+01 	 4.755050e+02 
7.620000e+01 	 4.761182e+02 
7.630000e+01 	 4.757118e+02 
7.640000e+01 	 4.748044e+02 
7.650000e+01 	 4.771487e+02 
7.660000e+01 	 4.805832e+02 
7.670000e+01 	 4.795972e+02 
7.680000e+01 	 4.755310e+02 
7.690000e+01 	 4.738752e+02 
7.700000e+01 	 4.752116e+02 
7.710000e+01 	 4.773778e+02 
7.720000e+01 	 4.798517e+02 
7.730000e+01 	 4.807649e+02 
7.740000e+01 	 4.781994e+02 
7.750000e+01 	 4.745361e+02 
7.760000e+01 	 4.735323e+02 
7.770000e+01 	 4.751090e+02 
7.780000e+01 	 4.771032e+02 
7.790000e+01 	 4.785100e+02 
7.800000e+01 	 4.789451e+02 
7.810000e+01 	 4.782138e+02 
7.820000e+01 	 4.771297e+02 
7.830000e+01 	 4.764630e+02 
7.840000e+01 	 4.758640e+02 
7.850000e+01 	 4.754647e+02 
7.860000e+01 	 4.765943e+02 
7.870000e+01 	 4.785577e+02 
7.880000e+01 	 4.782115e+02 
7.890000e+01 	 4.756252e+02 
7.900000e+01 	 4.753608e+02 
7.910000e+01 	 4.786530e+02 
7.920000e+01 	 4.806303e+02 
7.930000e+01 	 4.781391e+02 
7.940000e+01 	 4.739723e+02 
7.950000e+01 	 4.725731e+02 
7.960000e+01 	 4.751505e+02 
7.970000e+01 	 4.788888e+02 
7.980000e+01 	 4.804665e+02 
7.990000e+01 	 4.794436e+02 
8.000000e+01 	 4.776726e+02 
8.010000e+01 	 4.763313e+02 
8.020000e+01 	 4.752430e+02 
8.030000e+01 	 4.745570e+02 
8.040000e+01 	 4.754271e+02 
8.050000e+01 	 4.777661e+02 
8.060000e+01 	 4.794434e+02 
8.070000e+01 	 4.785945e+02 
8.080000e+01 	 4.761885e+02 
8.090000e+01 	 4.753482e+02 
8.100000e+01 	 4.772691e+02 
8.110000e+01 	 4.786587e+02 
8.120000e+01 	 4.769329e+02 
8.130000e+01 	 4.751739e+02 
8.140000e+01 	 4.764407e+02 
8.150000e+01 	 4.778891e+02 
8.160000e+01 	 4.771817e+02 
8.170000e+01 	 4.773563e+02 
8.180000e+01 	 4.788621e+02 
8.190000e+01 	 4.773197e+02 
8.200000e+01 	 4.738994e+02 
8.210000e+01 	 4.747256e+02 
8.220000e+01 	 4.786086e+02 
8.230000e+01 	 4.790018e+02 
8.240000e+01 	 4.766999e+02 
8.250000e+01 	 4.773488e+02 
8.260000e+01 	 4.793141e+02 
8.270000e+01 	 4.771732e+02 
8.280000e+01 	 4.733503e+02 
8.290000e+01 	 4.742686e+02 
8.300000e+01 	 4.783889e+02 
8.310000e+01 	 4.796616e+02 
8.320000e+01 	 4.777482e+02 
8.330000e+01 	 4.762739e+02 
8.340000e+01 	 4.762677e+02 
8.350000e+01 	 4.766651e+02 
8.360000e+01 	 4.773878e+02 
8.370000e+01 	 4.783899e+02 
8.380000e+01 	 4.782550e+02 
8.390000e+01 	 4.762812e+02 
8.400000e+01 	 4.745859e+02 
8.410000e+01 	 4.752621e+02 
8.420000e+01 	 4.770175e+02 
8.430000e+01 	 4.775034e+02 
8.440000e+01 	 4.775916e+02 
8.450000e+01 	 4.788098e+02 
8.460000e+01 	 4.788609e+02 
8.470000e+01 	 4.762694e+02 
8.480000e+01 	 4.745621e+02 
8.490000e+01 	 4.764547e+02 
8.500000e+01 	 4.787772e+02 
8.510000e+01 	 4.782564e+02 
8.520000e+01 	 4.767204e+02 
8.530000e+01 	 4.765653e+02 
8.540000e+01 	 4.761880e+02 
8.550000e+01 	 4.750452e+02 
8.560000e+01 	 4.760153e+02 
8.570000e+01 	 4.787078e+02 
8.580000e+01 	 4.792879e+02 
8.590000e+01 	 4.775348e+02 
8.600000e+01 	 4.762311e+02 
8.610000e+01 	 4.756845e+02 
8.620000e+01 	 4.755296e+02 
8.630000e+01 	 4.769783e+02 
8.640000e+01 	 4.793731e+02 
8.650000e+01 	 4.794367e+02 
8.660000e+01 	 4.767332e+02 
8.670000e+01 	 4.747425e+02 
8.680000e+01 	 4.750482e+02 
8.690000e+01 	 4.763214e+02 
8.700000e+01 	 4.777932e+02 
8.710000e+01 	 4.786493e+02 
8.720000e+01 	 4.778879e+02 
8.730000e+01 	 4.766625e+02 
8.740000e+01 	 4.768066e+02 
8.750000e+01 	 4.772874e+02 
8.760000e+01 	 4.764782e+02 
8.770000e+01 	 4.758184e+02 
8.780000e+01 	 4.767737e+02 
8.790000e+01 	 4.778152e+02 
8.800000e+01 	 4.776666e+02 
8.810000e+01 	 4.770737e+02 
8.820000e+01 	 4.768954e+02 
8.830000e+01 	 4.773384e+02 
8.840000e+01 	 4.781730e+02 
8.850000e+01 	 4.778959e+02 
8.860000e+01 	 4.757600e+02 
8.870000e+01 	 4.740404e+02 
8.880000e+01 	 4.751008e+02 
8.890000e+01 	 4.776844e+02 
8.900000e+01 	 4.794012e+02 
8.910000e+01 	 4.792995e+02 
8.920000e+01 	 4.776274e+02 
8.930000e+01 	 4.759949e+02 
8.940000e+01 	 4.756246e+02 
8.950000e+01 	 4.755087e+02 
8.960000e+01 	 4.753853e+02 
8.970000e+01 	 4.772915e+02 
8.980000e+01 	 4.804186e+02 
8.990000e+01 	 4.802440e+02 
9.000000e+01 	 4.760941e+02 
9.010000e+01 	 4.738084e+02 
9.020000e+01 	 4.760655e+02 
9.030000e+01 	 4.780878e+02 
9.040000e+01 	 4.771827e+02 
9.050000e+01 	 4.763384e+02 
9.060000e+01 	 4.767016e+02 
9.070000e+01 	 4.766831e+02 
9.080000e+01 	 4.770393e+02 
9.090000e+01 	 4.784391e+02 
9.100000e+01 	 4.785952e+02 
9.110000e+01 	 4.767396e+02 
9.120000e+01 	 4.755398e+02 
9.130000e+01 	 4.760443e+02 
9.140000e+01 	 4.766253e+02 
9.150000e+01 	 4.767336e+02 
9.160000e+01 	 4.777021e+02 
9.170000e+01 	 4.792912e+02 
9.180000e+01 	 4.791924e+02 
9.190000e+01 	 4.767785e+02 
9.200000e+01 	 4.738663e+02 
9.210000e+01 	 4.727445e+02 
9.220000e+01 	 4.752522e+02 
9.230000e+01 	 4.801010e+02 
9.240000e+01 	 4.821837e+02 
9.250000e+01 	 4.791648e+02 
9.260000e+01 	 4.749586e+02 
9.270000e+01 	 4.742226e+02 
9.280000e+01 	 4.761625e+02 
9.290000e+01 	 4.770616e+02 
9.300000e+01 	 4.767552e+02 
9.310000e+01 	 4.777080e+02 
9.320000e+01 	 4.791653e+02 
9.330000e+01 	 4.781670e+02 
9.340000e+01 	 4.753411e+02 
9.350000e+01 	 4.744879e+02 
9.360000e+01 	 4.764407e+02 
9.370000e+01 	 4.781793e+02 
9.380000e+01 	 4.783375e+02 
9.390000e+01 	 4.780505e+02 
9.400000e+01 	 4.771931e+02 
9.410000e+01 	 4.752942e+02 
9.420000e+01 	 4.747593e+02 
9.430000e+01 	 4.771484e+02 
9.440000e+01 	 4.792240e+02 
9.450000e+01 	 4.781746e+02 
9.460000e+01 	 4.764944e+02 
9.470000e+01 	 4.767042e+02 
9.480000e+01 	 4.766578e+02 
9.490000e+01 	 4.756016e+02 
9.500000e+01 	 4.766120e+02 
9.510000e+01 	 4.790747e+02 
9.520000e+01 	 4.786721e+02 
9.530000e+01 	 4.760130e+02 
9.540000e+01 	 4.753178e+02 
9.550000e+01 	 4.765262e+02 
9.560000e+01 	 4.770205e+02 
9.570000e+01 	 4.779388e+02 
9.580000e+01 	 4.798095e+02 
9.590000e+01 	 4.785548e+02 
9.600000e+01 	 4.737380e+02 
9.610000e+01 	 4.723992e+02 
9.620000e+01 	 4.768605e+02 
9.630000e+01 	 4.802752e+02 
9.640000e+01 	 4.788991e+02 
9.650000e+01 	 4.771590e+02 
9.660000e+01 	 4.780505e+02 
9.670000e+01 	 4.778350e+02 
9.680000e+01 	 4.745523e+02 
9.690000e+01 	 4.729930e+02 
9.700000e+01 	 4.762294e+02 
9.710000e+01 	 4.796017e+02 
9.720000e+01 	 4.790532e+02 
9.730000e+01 	 4.772803e+02 
9.740000e+01 	 4.776125e+02 
9.750000e+01 	 4.781353e+02 
9.760000e+01 	 4.764791e+02 
9.770000e+01 	 4.751036e+02 
9.780000e+01 	 4.764638e+02 
9.790000e+01 	 4.775057e+02 
9.800000e+01 	 4.761163e+02 
9.810000e+01 	 4.756030e+02 
9.820000e+01 	 4.780255e+02 
9.830000e+01 	 4.796463e+02 
9.840000e+01 	 4.779847e+02 
9.850000e+01 	 4.759588e+02 
9.860000e+01 	 4.759149e+02 
9.870000e+01 	 4.761803e+02 
9.880000e+01 	 4.764490e+02 
9.890000e+01 	 4.778550e+02 
9.900000e+01 	 4.789104e+02 
9.910000e+01 	 4.777957e+02 
9.920000e+01 	 4.761731e+02 
9.930000e+01 	 4.759583e+02 
9.940000e+01 	 4.761178e+02 
9.950000e+01 	 4.759826e+02 
9.960000e+01 	 4.770381e+02 
9.970000e+01 	 4.785758e+02 
9.980000e+01 	 4.780286e+02 
9.990000e+01 	 4.762687e+02 
