0.000000e+00 	 -2.929643e-03 
3.141593e-03 	 2.348097e-01 
6.283185e-03 	 8.487476e-01 
9.424778e-03 	 1.690933e+00 
1.256637e-02 	 2.857412e+00 
1.570796e-02 	 4.792627e+00 
1.884956e-02 	 8.004255e+00 
2.199115e-02 	 1.252905e+01 
2.513274e-02 	 1.756394e+01 
2.827433e-02 	 2.163614e+01 
3.141593e-02 	 2.332399e+01 
3.455752e-02 	 2.211140e+01 
3.769911e-02 	 1.879260e+01 
4.084070e-02 	 1.509572e+01 
4.398230e-02 	 1.270852e+01 
4.712389e-02 	 1.231035e+01 
5.026548e-02 	 1.323312e+01 
5.340708e-02 	 1.396593e+01 
5.654867e-02 	 1.316088e+01 
5.969026e-02 	 1.047716e+01 
6.283185e-02 	 6.733277e+00 
6.597345e-02 	 3.319493e+00 
6.911504e-02 	 1.310021e+00 
7.225663e-02 	 8.750062e-01 
7.539822e-02 	 1.337271e+00 
7.853982e-02 	 1.753959e+00 
8.168141e-02 	 1.566089e+00 
8.482300e-02 	 8.711977e-01 
8.796459e-02 	 1.928849e-01 
9.110619e-02 	 -9.892063e-03 
9.424778e-02 	 3.006002e-01 
9.738937e-02 	 7.615542e-01 
1.005310e-01 	 9.399099e-01 
1.036726e-01 	 6.803511e-01 
1.068142e-01 	 1.992384e-01 
1.099557e-01 	 -1.228616e-01 
1.130973e-01 	 -5.906852e-02 
1.162389e-01 	 2.949948e-01 
1.193805e-01 	 6.218751e-01 
1.225221e-01 	 6.514343e-01 
1.256637e-01 	 3.726384e-01 
1.288053e-01 	 2.416967e-02 
1.319469e-01 	 -1.133742e-01 
1.350885e-01 	 5.481761e-02 
1.382301e-01 	 3.728564e-01 
1.413717e-01 	 5.738027e-01 
1.445133e-01 	 5.001928e-01 
1.476549e-01 	 2.244602e-01 
1.507964e-01 	 -2.160480e-02 
1.539380e-01 	 -4.161973e-02 
1.570796e-01 	 1.690217e-01 
1.602212e-01 	 4.287238e-01 
1.633628e-01 	 5.248036e-01 
1.665044e-01 	 3.863796e-01 
1.696460e-01 	 1.351837e-01 
1.727876e-01 	 -2.108562e-02 
1.759292e-01 	 3.989978e-02 
1.790708e-01 	 2.598487e-01 
1.822124e-01 	 4.542665e-01 
1.853540e-01 	 4.665521e-01 
1.884956e-01 	 2.935056e-01 
1.916372e-01 	 8.208402e-02 
1.947787e-01 	 4.942613e-03 
1.979203e-01 	 1.197968e-01 
2.010619e-01 	 3.268126e-01 
2.042035e-01 	 4.549420e-01 
2.073451e-01 	 4.028752e-01 
2.104867e-01 	 2.187459e-01 
2.136283e-01 	 5.619002e-02 
2.167699e-01 	 4.641939e-02 
2.199115e-01 	 1.925874e-01 
2.230531e-01 	 3.712496e-01 
2.261947e-01 	 4.363637e-01 
2.293363e-01 	 3.384177e-01 
2.324779e-01 	 1.617127e-01 
2.356194e-01 	 5.203798e-02 
2.387610e-01 	 9.658969e-02 
2.419026e-01 	 2.548676e-01 
2.450442e-01 	 3.951291e-01 
2.481858e-01 	 4.038678e-01 
2.513274e-01 	 2.774876e-01 
2.544690e-01 	 1.222775e-01 
2.576106e-01 	 6.517331e-02 
2.607522e-01 	 1.500973e-01 
2.638938e-01 	 3.044035e-01 
2.670354e-01 	 4.008646e-01 
2.701770e-01 	 3.624391e-01 
2.733186e-01 	 2.236563e-01 
2.764602e-01 	 9.983006e-02 
2.796017e-01 	 9.136061e-02 
2.827433e-01 	 2.024472e-01 
2.858849e-01 	 3.399263e-01 
2.890265e-01 	 3.912991e-01 
2.921681e-01 	 3.166850e-01 
2.953097e-01 	 1.796273e-01 
2.984513e-01 	 9.308479e-02 
3.015929e-01 	 1.264262e-01 
3.047345e-01 	 2.499269e-01 
3.078761e-01 	 3.610958e-01 
3.110177e-01 	 3.696498e-01 
3.141593e-01 	 2.707516e-01 
3.173009e-01 	 1.471695e-01 
3.204425e-01 	 1.000820e-01 
3.235840e-01 	 1.663154e-01 
3.267256e-01 	 2.896498e-01 
3.298672e-01 	 3.684620e-01 
3.330088e-01 	 3.393933e-01 
3.361504e-01 	 2.282134e-01 
3.392920e-01 	 1.271049e-01 
3.424336e-01 	 1.182910e-01 
3.455752e-01 	 2.072304e-01 
3.487168e-01 	 3.196084e-01 
3.518584e-01 	 3.633765e-01 
3.550000e-01 	 3.040951e-01 
3.581416e-01 	 1.919549e-01 
3.612832e-01 	 1.193407e-01 
3.644247e-01 	 1.447711e-01 
3.675663e-01 	 2.457922e-01 
3.707079e-01 	 3.387022e-01 
3.738495e-01 	 3.478589e-01 
3.769911e-01 	 2.672180e-01 
3.801327e-01 	 1.640756e-01 
3.832743e-01 	 1.229503e-01 
3.864159e-01 	 1.763666e-01 
3.895575e-01 	 2.791907e-01 
3.926991e-01 	 3.467210e-01 
3.958407e-01 	 3.244238e-01 
3.989823e-01 	 2.319314e-01 
4.021239e-01 	 1.458372e-01 
4.052655e-01 	 1.363027e-01 
4.084070e-01 	 2.099153e-01 
4.115486e-01 	 3.053062e-01 
4.146902e-01 	 3.442797e-01 
4.178318e-01 	 2.958815e-01 
4.209734e-01 	 2.009391e-01 
4.241150e-01 	 1.376565e-01 
4.272566e-01 	 1.572271e-01 
4.303982e-01 	 2.424512e-01 
4.335398e-01 	 3.227851e-01 
4.366814e-01 	 3.327063e-01 
4.398230e-01 	 2.651278e-01 
4.429646e-01 	 1.763409e-01 
4.461062e-01 	 1.391519e-01 
4.492477e-01 	 1.832050e-01 
4.523893e-01 	 2.713872e-01 
4.555309e-01 	 3.310656e-01 
4.586725e-01 	 3.138894e-01 
4.618141e-01 	 2.349385e-01 
4.649557e-01 	 1.595405e-01 
4.680973e-01 	 1.492374e-01 
4.712389e-01 	 2.115754e-01 
4.743805e-01 	 2.946643e-01 
4.775221e-01 	 3.303501e-01 
4.806637e-01 	 2.900983e-01 
4.838053e-01 	 2.077827e-01 
4.869469e-01 	 1.512026e-01 
4.900885e-01 	 1.662589e-01 
4.932300e-01 	 2.397368e-01 
4.963716e-01 	 3.108555e-01 
4.995132e-01 	 3.215282e-01 
5.026548e-01 	 2.637872e-01 
5.057964e-01 	 1.856680e-01 
5.089380e-01 	 1.512653e-01 
5.120796e-01 	 1.881615e-01 
5.152212e-01 	 2.653346e-01 
5.183628e-01 	 3.192215e-01 
5.215044e-01 	 3.060559e-01 
5.246460e-01 	 2.373979e-01 
5.277876e-01 	 1.700272e-01 
5.309292e-01 	 1.590009e-01 
5.340708e-01 	 2.126743e-01 
5.372123e-01 	 2.864180e-01 
5.403539e-01 	 3.197128e-01 
5.434955e-01 	 2.858023e-01 
5.466371e-01 	 2.131768e-01 
5.497787e-01 	 1.616536e-01 
5.529203e-01 	 1.731221e-01 
5.560619e-01 	 2.375002e-01 
5.592035e-01 	 3.015593e-01 
5.623451e-01 	 3.129218e-01 
5.654867e-01 	 2.628752e-01 
5.686283e-01 	 1.930156e-01 
5.717699e-01 	 1.606870e-01 
5.749115e-01 	 1.919225e-01 
5.780530e-01 	 2.604954e-01 
5.811946e-01 	 3.099261e-01 
5.843362e-01 	 2.999903e-01 
5.874778e-01 	 2.394400e-01 
5.906194e-01 	 1.783299e-01 
5.937610e-01 	 1.666491e-01 
5.969026e-01 	 2.134398e-01 
6.000442e-01 	 2.798264e-01 
6.031858e-01 	 3.113050e-01 
6.063274e-01 	 2.824814e-01 
6.094690e-01 	 2.175448e-01 
6.126106e-01 	 1.699803e-01 
6.157522e-01 	 1.785247e-01 
6.188938e-01 	 2.356291e-01 
6.220353e-01 	 2.940950e-01 
6.251769e-01 	 3.060765e-01 
6.283185e-01 	 2.622265e-01 
6.314601e-01 	 1.989656e-01 
6.346017e-01 	 1.682408e-01 
6.377433e-01 	 1.948776e-01 
6.408849e-01 	 2.565313e-01 
6.440265e-01 	 3.024203e-01 
6.471681e-01 	 2.951454e-01 
6.503097e-01 	 2.411610e-01 
6.534513e-01 	 1.850807e-01 
6.565929e-01 	 1.728151e-01 
6.597345e-01 	 2.139946e-01 
6.628760e-01 	 2.744261e-01 
6.660176e-01 	 3.044778e-01 
6.691592e-01 	 2.798339e-01 
6.723008e-01 	 2.211605e-01 
6.754424e-01 	 1.767848e-01 
6.785840e-01 	 1.828964e-01 
6.817256e-01 	 2.340410e-01 
6.848672e-01 	 2.879570e-01 
6.880088e-01 	 3.004907e-01 
6.911504e-01 	 2.617486e-01 
6.942920e-01 	 2.038919e-01 
6.974336e-01 	 1.744449e-01 
7.005752e-01 	 1.972643e-01 
7.037168e-01 	 2.532188e-01 
7.068583e-01 	 2.962201e-01 
7.099999e-01 	 2.911789e-01 
7.131415e-01 	 2.426314e-01 
7.162831e-01 	 1.906889e-01 
7.194247e-01 	 1.779019e-01 
7.225663e-01 	 2.144095e-01 
7.257079e-01 	 2.699120e-01 
7.288495e-01 	 2.988125e-01 
7.319911e-01 	 2.776707e-01 
7.351327e-01 	 2.242081e-01 
7.382743e-01 	 1.824609e-01 
7.414159e-01 	 1.865135e-01 
7.445575e-01 	 2.326755e-01 
7.476991e-01 	 2.828104e-01 
7.508406e-01 	 2.958369e-01 
7.539822e-01 	 2.613863e-01 
7.571238e-01 	 2.080458e-01 
7.602654e-01 	 1.796417e-01 
7.634070e-01 	 1.992350e-01 
7.665486e-01 	 2.504043e-01 
7.696902e-01 	 2.910017e-01 
7.728318e-01 	 2.878655e-01 
7.759734e-01 	 2.439033e-01 
7.791150e-01 	 1.954312e-01 
7.822566e-01 	 1.821782e-01 
7.853982e-01 	 2.147279e-01 
7.885398e-01 	 2.660751e-01 
7.916813e-01 	 2.940262e-01 
7.948229e-01 	 2.758672e-01 
7.979645e-01 	 2.268165e-01 
8.011061e-01 	 1.872774e-01 
8.042477e-01 	 1.895615e-01 
8.073893e-01 	 2.314877e-01 
8.105309e-01 	 2.784245e-01 
8.136725e-01 	 2.918921e-01 
8.168141e-01 	 2.611051e-01 
8.199557e-01 	 2.116026e-01 
8.230973e-01 	 1.840666e-01 
8.262389e-01 	 2.008926e-01 
8.293805e-01 	 2.479791e-01 
8.325221e-01 	 2.865403e-01 
8.356636e-01 	 2.850510e-01 
8.388052e-01 	 2.450157e-01 
8.419468e-01 	 1.995017e-01 
8.450884e-01 	 1.858305e-01 
8.482300e-01 	 2.149776e-01 
8.513716e-01 	 2.627673e-01 
8.545132e-01 	 2.899212e-01 
8.576548e-01 	 2.743380e-01 
8.607964e-01 	 2.290785e-01 
8.639380e-01 	 1.914238e-01 
8.670796e-01 	 1.921698e-01 
8.702212e-01 	 2.304436e-01 
8.733628e-01 	 2.746348e-01 
8.765044e-01 	 2.884993e-01 
8.796459e-01 	 2.608825e-01 
8.827875e-01 	 2.146883e-01 
8.859291e-01 	 1.878872e-01 
8.890707e-01 	 2.023085e-01 
8.922123e-01 	 2.458636e-01 
8.953539e-01 	 2.826749e-01 
8.984955e-01 	 2.826260e-01 
9.016371e-01 	 2.459981e-01 
9.047787e-01 	 2.030405e-01 
9.079203e-01 	 1.889922e-01 
9.110619e-01 	 2.151770e-01 
9.142035e-01 	 2.598807e-01 
9.173451e-01 	 2.863548e-01 
9.204866e-01 	 2.730228e-01 
9.236282e-01 	 2.310623e-01 
9.267698e-01 	 1.950379e-01 
9.299114e-01 	 1.944314e-01 
9.330530e-01 	 2.295173e-01 
9.361946e-01 	 2.713211e-01 
9.393362e-01 	 2.855445e-01 
9.424778e-01 	 2.607033e-01 
9.456194e-01 	 2.173958e-01 
9.487610e-01 	 1.912258e-01 
9.519026e-01 	 2.035340e-01 
9.550442e-01 	 2.439986e-01 
9.581858e-01 	 2.792870e-01 
9.613274e-01 	 2.805109e-01 
9.644689e-01 	 2.468734e-01 
9.676105e-01 	 2.061514e-01 
9.707521e-01 	 1.917611e-01 
9.738937e-01 	 2.153387e-01 
9.770353e-01 	 2.573349e-01 
9.801769e-01 	 2.832215e-01 
9.833185e-01 	 2.718776e-01 
9.864601e-01 	 2.328197e-01 
9.896017e-01 	 1.982219e-01 
9.927433e-01 	 1.964148e-01 
9.958849e-01 	 2.286887e-01 
9.990265e-01 	 2.683936e-01 
1.002168e+00 	 2.829432e-01 
1.005310e+00 	 2.605569e-01 
1.008451e+00 	 2.197953e-01 
1.011593e+00 	 1.941737e-01 
1.014734e+00 	 2.046071e-01 
1.017876e+00 	 2.423391e-01 
1.021018e+00 	 2.762875e-01 
1.024159e+00 	 2.786465e-01 
1.027301e+00 	 2.476594e-01 
1.030442e+00 	 2.089129e-01 
1.033584e+00 	 1.942109e-01 
1.036726e+00 	 2.154716e-01 
1.039867e+00 	 2.550685e-01 
1.043009e+00 	 2.804417e-01 
1.046150e+00 	 2.708697e-01 
1.049292e+00 	 2.343901e-01 
1.052434e+00 	 2.010538e-01 
1.055575e+00 	 1.981716e-01 
1.058717e+00 	 2.279417e-01 
1.061858e+00 	 2.657833e-01 
1.065000e+00 	 2.806311e-01 
1.068142e+00 	 2.604359e-01 
1.071283e+00 	 2.219404e-01 
1.074425e+00 	 1.968007e-01 
1.077566e+00 	 2.055561e-01 
1.080708e+00 	 2.408501e-01 
1.083849e+00 	 2.736082e-01 
1.086991e+00 	 2.769874e-01 
1.090133e+00 	 2.483705e-01 
1.093274e+00 	 2.113853e-01 
1.096416e+00 	 1.963977e-01 
1.099557e+00 	 2.155822e-01 
1.102699e+00 	 2.530342e-01 
1.105841e+00 	 2.779540e-01 
1.108982e+00 	 2.699742e-01 
1.112124e+00 	 2.358047e-01 
1.115265e+00 	 2.035938e-01 
1.118407e+00 	 1.997416e-01 
1.121549e+00 	 2.272638e-01 
1.124690e+00 	 2.634370e-01 
1.127832e+00 	 2.785586e-01 
1.130973e+00 	 2.603347e-01 
1.134115e+00 	 2.238734e-01 
1.137257e+00 	 1.991611e-01 
1.140398e+00 	 2.064030e-01 
1.143540e+00 	 2.395040e-01 
1.146681e+00 	 2.711958e-01 
1.149823e+00 	 2.754989e-01 
1.152965e+00 	 2.490179e-01 
1.156106e+00 	 2.136160e-01 
1.159248e+00 	 1.983657e-01 
1.162389e+00 	 2.156751e-01 
1.165531e+00 	 2.511944e-01 
1.168672e+00 	 2.757103e-01 
1.171814e+00 	 2.691717e-01 
1.174956e+00 	 2.370878e-01 
1.178097e+00 	 2.058892e-01 
1.181239e+00 	 2.011557e-01 
1.184380e+00 	 2.266447e-01 
1.187522e+00 	 2.613125e-01 
1.190664e+00 	 2.766867e-01 
1.193805e+00 	 2.602493e-01 
1.196947e+00 	 2.256274e-01 
1.200088e+00 	 2.012976e-01 
1.203230e+00 	 2.071648e-01 
1.206372e+00 	 2.382789e-01 
1.209513e+00 	 2.690082e-01 
1.212655e+00 	 2.741532e-01 
1.215796e+00 	 2.496108e-01 
1.218938e+00 	 2.156428e-01 
1.222080e+00 	 2.001493e-01 
1.225221e+00 	 2.157539e-01 
1.228363e+00 	 2.495194e-01 
1.231504e+00 	 2.736727e-01 
1.234646e+00 	 2.684473e-01 
1.237788e+00 	 2.382593e-01 
1.240929e+00 	 2.079776e-01 
1.244071e+00 	 2.024384e-01 
1.247212e+00 	 2.260761e-01 
1.250354e+00 	 2.593760e-01 
1.253495e+00 	 2.749844e-01 
1.256637e+00 	 2.601765e-01 
1.259779e+00 	 2.272294e-01 
1.262920e+00 	 2.032442e-01 
1.266062e+00 	 2.078549e-01 
1.269203e+00 	 2.371571e-01 
1.272345e+00 	 2.670114e-01 
1.275487e+00 	 2.729286e-01 
1.278628e+00 	 2.501569e-01 
1.281770e+00 	 2.174958e-01 
1.284911e+00 	 2.017765e-01 
1.288053e+00 	 2.158212e-01 
1.291195e+00 	 2.479851e-01 
1.294336e+00 	 2.718103e-01 
1.297478e+00 	 2.677888e-01 
1.300619e+00 	 2.393351e-01 
1.303761e+00 	 2.098895e-01 
1.306903e+00 	 2.036095e-01 
1.310044e+00 	 2.255510e-01 
1.313186e+00 	 2.576003e-01 
1.316327e+00 	 2.734267e-01 
1.319469e+00 	 2.601141e-01 
1.322611e+00 	 2.287010e-01 
1.325752e+00 	 2.050286e-01 
1.328894e+00 	 2.084842e-01 
1.332035e+00 	 2.361241e-01 
1.335177e+00 	 2.651782e-01 
1.338318e+00 	 2.718071e-01 
1.341460e+00 	 2.506625e-01 
1.344602e+00 	 2.191998e-01 
1.347743e+00 	 2.032698e-01 
1.350885e+00 	 2.158792e-01 
1.354026e+00 	 2.465718e-01 
1.357168e+00 	 2.700982e-01 
1.360310e+00 	 2.671866e-01 
1.363451e+00 	 2.403283e-01 
1.366593e+00 	 2.116498e-01 
1.369734e+00 	 2.046849e-01 
1.372876e+00 	 2.250638e-01 
1.376018e+00 	 2.559630e-01 
1.379159e+00 	 2.719932e-01 
1.382301e+00 	 2.600602e-01 
1.385442e+00 	 2.300601e-01 
1.388584e+00 	 2.066734e-01 
1.391726e+00 	 2.090614e-01 
1.394867e+00 	 2.351679e-01 
1.398009e+00 	 2.634858e-01 
1.401150e+00 	 2.707745e-01 
1.404292e+00 	 2.511326e-01 
1.407434e+00 	 2.207751e-01 
1.410575e+00 	 2.046478e-01 
1.413717e+00 	 2.159294e-01 
1.416858e+00 	 2.452631e-01 
1.420000e+00 	 2.685160e-01 
1.423141e+00 	 2.666326e-01 
1.426283e+00 	 2.412499e-01 
1.429425e+00 	 2.132788e-01 
1.432566e+00 	 2.056778e-01 
1.435708e+00 	 2.246096e-01 
1.438849e+00 	 2.544456e-01 
1.441991e+00 	 2.706670e-01 
1.445133e+00 	 2.600134e-01 
1.448274e+00 	 2.313217e-01 
1.451416e+00 	 2.081973e-01 
1.454557e+00 	 2.095938e-01 
1.457699e+00 	 2.342786e-01 
1.460841e+00 	 2.619158e-01 
1.463982e+00 	 2.698186e-01 
1.467124e+00 	 2.515718e-01 
1.470265e+00 	 2.222385e-01 
1.473407e+00 	 2.059257e-01 
1.476549e+00 	 2.159732e-01 
1.479690e+00 	 2.440456e-01 
1.482832e+00 	 2.670466e-01 
1.485973e+00 	 2.661204e-01 
1.489115e+00 	 2.421091e-01 
1.492257e+00 	 2.147937e-01 
1.495398e+00 	 2.065992e-01 
1.498540e+00 	 2.241845e-01 
1.501681e+00 	 2.530327e-01 
1.504823e+00 	 2.694343e-01 
1.507964e+00 	 2.599724e-01 
1.511106e+00 	 2.324980e-01 
1.514248e+00 	 2.096159e-01 
1.517389e+00 	 2.100873e-01 
1.520531e+00 	 2.334478e-01 
1.523672e+00 	 2.604525e-01 
1.526814e+00 	 2.689296e-01 
1.529956e+00 	 2.519837e-01 
1.533097e+00 	 2.236041e-01 
1.536239e+00 	 2.071163e-01 
1.539380e+00 	 2.160116e-01 
1.542522e+00 	 2.429079e-01 
1.545664e+00 	 2.656756e-01 
1.548805e+00 	 2.656444e-01 
1.551947e+00 	 2.429133e-01 
1.555088e+00 	 2.162088e-01 
1.558230e+00 	 2.074580e-01 
1.561372e+00 	 2.237849e-01 
1.564513e+00 	 2.517114e-01 
1.567655e+00 	 2.682831e-01 
1.570796e+00 	 2.599365e-01 
1.573938e+00 	 2.335996e-01 
1.577080e+00 	 2.109422e-01 
1.580221e+00 	 2.105468e-01 
1.583363e+00 	 2.326685e-01 
1.586504e+00 	 2.590827e-01 
1.589646e+00 	 2.680990e-01 
1.592787e+00 	 2.523717e-01 
1.595929e+00 	 2.248839e-01 
1.599071e+00 	 2.082304e-01 
1.602212e+00 	 2.160453e-01 
1.605354e+00 	 2.418403e-01 
1.608495e+00 	 2.643911e-01 
1.611637e+00 	 2.652002e-01 
1.614779e+00 	 2.436693e-01 
1.617920e+00 	 2.175361e-01 
1.621062e+00 	 2.082621e-01 
1.624203e+00 	 2.234080e-01 
1.627345e+00 	 2.504706e-01 
1.630487e+00 	 2.672038e-01 
1.633628e+00 	 2.599048e-01 
1.636770e+00 	 2.346352e-01 
1.639911e+00 	 2.121874e-01 
1.643053e+00 	 2.109766e-01 
1.646195e+00 	 2.319345e-01 
1.649336e+00 	 2.577953e-01 
1.652478e+00 	 2.673199e-01 
1.655619e+00 	 2.527382e-01 
1.658761e+00 	 2.260880e-01 
1.661903e+00 	 2.092772e-01 
1.665044e+00 	 2.160751e-01 
1.668186e+00 	 2.408347e-01 
1.671327e+00 	 2.631829e-01 
1.674469e+00 	 2.647839e-01 
1.677610e+00 	 2.443826e-01 
1.680752e+00 	 2.187860e-01 
1.683894e+00 	 2.090178e-01 
1.687035e+00 	 2.230512e-01 
1.690177e+00 	 2.493010e-01 
1.693318e+00 	 2.661876e-01 
1.696460e+00 	 2.598768e-01 
1.699602e+00 	 2.356127e-01 
1.702743e+00 	 2.133610e-01 
1.705885e+00 	 2.113803e-01 
1.709026e+00 	 2.312407e-01 
1.712168e+00 	 2.565808e-01 
1.715310e+00 	 2.665861e-01 
1.718451e+00 	 2.530859e-01 
1.721593e+00 	 2.272252e-01 
1.724734e+00 	 2.102645e-01 
1.727876e+00 	 2.161015e-01 
1.731018e+00 	 2.398838e-01 
1.734159e+00 	 2.620420e-01 
1.737301e+00 	 2.643922e-01 
1.740442e+00 	 2.450580e-01 
1.743584e+00 	 2.199673e-01 
1.746726e+00 	 2.097309e-01 
1.749867e+00 	 2.227122e-01 
1.753009e+00 	 2.481944e-01 
1.756150e+00 	 2.652276e-01 
1.759292e+00 	 2.598519e-01 
1.762433e+00 	 2.365384e-01 
1.765575e+00 	 2.144710e-01 
1.768717e+00 	 2.117608e-01 
1.771858e+00 	 2.305827e-01 
1.775000e+00 	 2.554308e-01 
1.778141e+00 	 2.658925e-01 
1.781283e+00 	 2.534167e-01 
1.784425e+00 	 2.283029e-01 
1.787566e+00 	 2.111989e-01 
1.790708e+00 	 2.161250e-01 
1.793849e+00 	 2.389817e-01 
1.796991e+00 	 2.609610e-01 
1.800133e+00 	 2.640223e-01 
1.803274e+00 	 2.456997e-01 
1.806416e+00 	 2.210877e-01 
1.809557e+00 	 2.104061e-01 
1.812699e+00 	 2.223892e-01 
1.815841e+00 	 2.471439e-01 
1.818982e+00 	 2.643172e-01 
1.822124e+00 	 2.598297e-01 
1.825265e+00 	 2.374182e-01 
1.828407e+00 	 2.155246e-01 
1.831549e+00 	 2.121208e-01 
1.834690e+00 	 2.299565e-01 
1.837832e+00 	 2.543384e-01 
1.840973e+00 	 2.652346e-01 
1.844115e+00 	 2.537323e-01 
1.847256e+00 	 2.293277e-01 
1.850398e+00 	 2.120865e-01 
1.853540e+00 	 2.161459e-01 
1.856681e+00 	 2.381231e-01 
1.859823e+00 	 2.599333e-01 
1.862964e+00 	 2.636717e-01 
1.866106e+00 	 2.463113e-01 
1.869248e+00 	 2.221538e-01 
1.872389e+00 	 2.110476e-01 
1.875531e+00 	 2.220805e-01 
1.878672e+00 	 2.461434e-01 
1.881814e+00 	 2.634512e-01 
1.884956e+00 	 2.598100e-01 
1.888097e+00 	 2.382569e-01 
1.891239e+00 	 2.165278e-01 
1.894380e+00 	 2.124626e-01 
1.897522e+00 	 2.293587e-01 
1.900664e+00 	 2.532971e-01 
1.903805e+00 	 2.646086e-01 
1.906947e+00 	 2.540345e-01 
1.910088e+00 	 2.303053e-01 
1.913230e+00 	 2.129321e-01 
1.916372e+00 	 2.161646e-01 
1.919513e+00 	 2.373032e-01 
1.922655e+00 	 2.589532e-01 
1.925796e+00 	 2.633383e-01 
1.928938e+00 	 2.468960e-01 
1.932079e+00 	 2.231715e-01 
1.935221e+00 	 2.116591e-01 
1.938363e+00 	 2.217845e-01 
1.941504e+00 	 2.451876e-01 
1.944646e+00 	 2.626248e-01 
1.947787e+00 	 2.597923e-01 
1.950929e+00 	 2.390590e-01 
1.954071e+00 	 2.174862e-01 
1.957212e+00 	 2.127881e-01 
1.960354e+00 	 2.287863e-01 
1.963495e+00 	 2.523018e-01 
1.966637e+00 	 2.640109e-01 
1.969779e+00 	 2.543246e-01 
1.972920e+00 	 2.312406e-01 
1.976062e+00 	 2.137404e-01 
1.979203e+00 	 2.161814e-01 
1.982345e+00 	 2.365180e-01 
1.985487e+00 	 2.580155e-01 
1.988628e+00 	 2.630203e-01 
1.991770e+00 	 2.474567e-01 
1.994911e+00 	 2.241458e-01 
1.998053e+00 	 2.122437e-01 
2.001195e+00 	 2.215000e-01 
2.004336e+00 	 2.442717e-01 
2.007478e+00 	 2.618338e-01 
2.010619e+00 	 2.597764e-01 
2.013761e+00 	 2.398282e-01 
2.016902e+00 	 2.184043e-01 
2.020044e+00 	 2.130990e-01 
2.023186e+00 	 2.282367e-01 
2.026327e+00 	 2.513474e-01 
2.029469e+00 	 2.634387e-01 
2.032610e+00 	 2.546038e-01 
2.035752e+00 	 2.321381e-01 
2.038894e+00 	 2.145152e-01 
2.042035e+00 	 2.161964e-01 
2.045177e+00 	 2.357640e-01 
2.048318e+00 	 2.571159e-01 
2.051460e+00 	 2.627160e-01 
2.054602e+00 	 2.479958e-01 
2.057743e+00 	 2.250813e-01 
2.060885e+00 	 2.128042e-01 
2.064026e+00 	 2.212258e-01 
2.067168e+00 	 2.433916e-01 
2.070310e+00 	 2.610744e-01 
2.073451e+00 	 2.597622e-01 
2.076593e+00 	 2.405680e-01 
2.079734e+00 	 2.192863e-01 
2.082876e+00 	 2.133969e-01 
2.086018e+00 	 2.277076e-01 
2.089159e+00 	 2.504297e-01 
2.092301e+00 	 2.628892e-01 
2.095442e+00 	 2.548733e-01 
2.098584e+00 	 2.330017e-01 
2.101725e+00 	 2.152599e-01 
2.104867e+00 	 2.162098e-01 
2.108009e+00 	 2.350377e-01 
2.111150e+00 	 2.562505e-01 
2.114292e+00 	 2.624241e-01 
2.117433e+00 	 2.485155e-01 
2.120575e+00 	 2.259820e-01 
2.123717e+00 	 2.133432e-01 
2.126858e+00 	 2.209608e-01 
2.130000e+00 	 2.425436e-01 
2.133141e+00 	 2.603435e-01 
2.136283e+00 	 2.597495e-01 
2.139425e+00 	 2.412814e-01 
2.142566e+00 	 2.201361e-01 
2.145708e+00 	 2.136832e-01 
2.148849e+00 	 2.271967e-01 
2.151991e+00 	 2.495450e-01 
2.155133e+00 	 2.623602e-01 
2.158274e+00 	 2.551341e-01 
2.161416e+00 	 2.338349e-01 
2.164557e+00 	 2.159778e-01 
2.167699e+00 	 2.162219e-01 
2.170841e+00 	 2.343365e-01 
2.173982e+00 	 2.554156e-01 
2.177124e+00 	 2.621432e-01 
2.180265e+00 	 2.490180e-01 
2.183407e+00 	 2.268515e-01 
2.186548e+00 	 2.138629e-01 
2.189690e+00 	 2.207040e-01 
2.192832e+00 	 2.417244e-01 
2.195973e+00 	 2.596380e-01 
2.199115e+00 	 2.597381e-01 
2.202256e+00 	 2.419711e-01 
2.205398e+00 	 2.209569e-01 
2.208540e+00 	 2.139590e-01 
2.211681e+00 	 2.267023e-01 
2.214823e+00 	 2.486899e-01 
2.217964e+00 	 2.618494e-01 
2.221106e+00 	 2.553871e-01 
2.224248e+00 	 2.346409e-01 
2.227389e+00 	 2.166715e-01 
2.230531e+00 	 2.162327e-01 
2.233672e+00 	 2.336577e-01 
2.236814e+00 	 2.546081e-01 
2.239956e+00 	 2.618722e-01 
2.243097e+00 	 2.495048e-01 
2.246239e+00 	 2.276931e-01 
2.249380e+00 	 2.143652e-01 
2.252522e+00 	 2.204547e-01 
2.255664e+00 	 2.409310e-01 
2.258805e+00 	 2.589554e-01 
2.261947e+00 	 2.597279e-01 
2.265088e+00 	 2.426396e-01 
2.268230e+00 	 2.217518e-01 
2.271371e+00 	 2.142254e-01 
2.274513e+00 	 2.262226e-01 
2.277655e+00 	 2.478612e-01 
2.280796e+00 	 2.613551e-01 
2.283938e+00 	 2.556330e-01 
2.287079e+00 	 2.354224e-01 
2.290221e+00 	 2.173437e-01 
2.293363e+00 	 2.162423e-01 
2.296504e+00 	 2.329989e-01 
2.299646e+00 	 2.538252e-01 
2.302787e+00 	 2.616101e-01 
2.305929e+00 	 2.499778e-01 
2.309071e+00 	 2.285096e-01 
2.312212e+00 	 2.148520e-01 
2.315354e+00 	 2.202119e-01 
2.318495e+00 	 2.401607e-01 
2.321637e+00 	 2.582932e-01 
2.324779e+00 	 2.597187e-01 
2.327920e+00 	 2.432892e-01 
2.331062e+00 	 2.225233e-01 
2.334203e+00 	 2.144834e-01 
2.337345e+00 	 2.257560e-01 
2.340487e+00 	 2.470563e-01 
2.343628e+00 	 2.608754e-01 
2.346770e+00 	 2.558727e-01 
2.349911e+00 	 2.361821e-01 
2.353053e+00 	 2.179964e-01 
2.356194e+00 	 2.162510e-01 
2.359336e+00 	 2.323581e-01 
2.362478e+00 	 2.530643e-01 
2.365619e+00 	 2.613560e-01 
2.368761e+00 	 2.504383e-01 
2.371902e+00 	 2.293037e-01 
2.375044e+00 	 2.153249e-01 
2.378186e+00 	 2.199751e-01 
2.381327e+00 	 2.394110e-01 
2.384469e+00 	 2.576493e-01 
2.387610e+00 	 2.597106e-01 
2.390752e+00 	 2.439218e-01 
2.393894e+00 	 2.232742e-01 
2.397035e+00 	 2.147339e-01 
2.400177e+00 	 2.253012e-01 
2.403318e+00 	 2.462725e-01 
2.406460e+00 	 2.604089e-01 
2.409602e+00 	 2.561068e-01 
2.412743e+00 	 2.369223e-01 
2.415885e+00 	 2.186319e-01 
2.419026e+00 	 2.162587e-01 
2.422168e+00 	 2.317332e-01 
2.425310e+00 	 2.523230e-01 
2.428451e+00 	 2.611090e-01 
2.431593e+00 	 2.508878e-01 
2.434734e+00 	 2.300778e-01 
2.437876e+00 	 2.157854e-01 
2.441017e+00 	 2.197435e-01 
2.444159e+00 	 2.386797e-01 
2.447301e+00 	 2.570218e-01 
2.450442e+00 	 2.597033e-01 
2.453584e+00 	 2.445393e-01 
2.456725e+00 	 2.240064e-01 
2.459867e+00 	 2.149776e-01 
2.463009e+00 	 2.248568e-01 
2.466150e+00 	 2.455075e-01 
2.469292e+00 	 2.599541e-01 
2.472433e+00 	 2.563361e-01 
2.475575e+00 	 2.376452e-01 
2.478717e+00 	 2.192520e-01 
2.481858e+00 	 2.162656e-01 
2.485000e+00 	 2.311226e-01 
2.488141e+00 	 2.515992e-01 
2.491283e+00 	 2.608684e-01 
2.494425e+00 	 2.513274e-01 
2.497566e+00 	 2.308341e-01 
2.500708e+00 	 2.162348e-01 
2.503849e+00 	 2.195165e-01 
2.506991e+00 	 2.379648e-01 
2.510133e+00 	 2.564088e-01 
2.513274e+00 	 2.596969e-01 
2.516416e+00 	 2.451434e-01 
2.519557e+00 	 2.247223e-01 
2.522699e+00 	 2.152153e-01 
2.525840e+00 	 2.244216e-01 
2.528982e+00 	 2.447593e-01 
2.532124e+00 	 2.595098e-01 
2.535265e+00 	 2.565609e-01 
2.538407e+00 	 2.383527e-01 
2.541548e+00 	 2.198584e-01 
2.544690e+00 	 2.162716e-01 
2.547832e+00 	 2.305245e-01 
2.550973e+00 	 2.508909e-01 
2.554115e+00 	 2.606334e-01 
2.557256e+00 	 2.517584e-01 
2.560398e+00 	 2.315747e-01 
2.563540e+00 	 2.166744e-01 
2.566681e+00 	 2.192936e-01 
2.569823e+00 	 2.372643e-01 
2.572964e+00 	 2.558086e-01 
2.576106e+00 	 2.596912e-01 
2.579248e+00 	 2.457358e-01 
2.582389e+00 	 2.254236e-01 
2.585531e+00 	 2.154477e-01 
2.588672e+00 	 2.239945e-01 
2.591814e+00 	 2.440258e-01 
2.594956e+00 	 2.590746e-01 
2.598097e+00 	 2.567820e-01 
2.601239e+00 	 2.390467e-01 
2.604380e+00 	 2.204527e-01 
2.607522e+00 	 2.162769e-01 
2.610663e+00 	 2.299375e-01 
2.613805e+00 	 2.501962e-01 
2.616947e+00 	 2.604035e-01 
2.620088e+00 	 2.521819e-01 
2.623230e+00 	 2.323015e-01 
2.626371e+00 	 2.171053e-01 
2.629513e+00 	 2.190742e-01 
2.632655e+00 	 2.365764e-01 
2.635796e+00 	 2.552197e-01 
2.638938e+00 	 2.596862e-01 
2.642079e+00 	 2.463178e-01 
2.645221e+00 	 2.261121e-01 
2.648363e+00 	 2.156754e-01 
2.651504e+00 	 2.235745e-01 
2.654646e+00 	 2.433052e-01 
2.657787e+00 	 2.586476e-01 
2.660929e+00 	 2.569998e-01 
2.664071e+00 	 2.397288e-01 
2.667212e+00 	 2.210365e-01 
2.670354e+00 	 2.162815e-01 
2.673495e+00 	 2.293601e-01 
2.676637e+00 	 2.495134e-01 
2.679779e+00 	 2.601779e-01 
2.682920e+00 	 2.525987e-01 
2.686062e+00 	 2.330163e-01 
2.689203e+00 	 2.175287e-01 
2.692345e+00 	 2.188578e-01 
2.695486e+00 	 2.358995e-01 
2.698628e+00 	 2.546407e-01 
2.701770e+00 	 2.596820e-01 
2.704911e+00 	 2.468910e-01 
2.708053e+00 	 2.267896e-01 
2.711194e+00 	 2.158989e-01 
2.714336e+00 	 2.231606e-01 
2.717478e+00 	 2.425958e-01 
2.720619e+00 	 2.582276e-01 
2.723761e+00 	 2.572149e-01 
2.726902e+00 	 2.404008e-01 
2.730044e+00 	 2.216111e-01 
2.733186e+00 	 2.162855e-01 
2.736327e+00 	 2.287909e-01 
2.739469e+00 	 2.488408e-01 
2.742610e+00 	 2.599563e-01 
2.745752e+00 	 2.530100e-01 
2.748894e+00 	 2.337207e-01 
2.752035e+00 	 2.179455e-01 
2.755177e+00 	 2.186440e-01 
2.758318e+00 	 2.352321e-01 
2.761460e+00 	 2.540702e-01 
2.764602e+00 	 2.596783e-01 
2.767743e+00 	 2.474565e-01 
2.770885e+00 	 2.274576e-01 
2.774026e+00 	 2.161188e-01 
2.777168e+00 	 2.227518e-01 
2.780309e+00 	 2.418960e-01 
2.783451e+00 	 2.578137e-01 
2.786593e+00 	 2.574276e-01 
2.789734e+00 	 2.410642e-01 
2.792876e+00 	 2.221779e-01 
2.796017e+00 	 2.162888e-01 
2.799159e+00 	 2.282288e-01 
2.802301e+00 	 2.481771e-01 
2.805442e+00 	 2.597380e-01 
2.808584e+00 	 2.534165e-01 
2.811725e+00 	 2.344164e-01 
2.814867e+00 	 2.183568e-01 
2.818009e+00 	 2.184322e-01 
2.821150e+00 	 2.345725e-01 
2.824292e+00 	 2.535068e-01 
2.827433e+00 	 2.596753e-01 
2.830575e+00 	 2.480156e-01 
2.833717e+00 	 2.281175e-01 
2.836858e+00 	 2.163356e-01 
2.840000e+00 	 2.223473e-01 
2.843141e+00 	 2.412041e-01 
2.846283e+00 	 2.574050e-01 
2.849425e+00 	 2.576385e-01 
2.852566e+00 	 2.417203e-01 
2.855708e+00 	 2.227381e-01 
2.858849e+00 	 2.162915e-01 
2.861991e+00 	 2.276723e-01 
2.865133e+00 	 2.475206e-01 
2.868274e+00 	 2.595225e-01 
2.871416e+00 	 2.538192e-01 
2.874557e+00 	 2.351048e-01 
2.877699e+00 	 2.187633e-01 
2.880840e+00 	 2.182221e-01 
2.883982e+00 	 2.339195e-01 
2.887124e+00 	 2.529495e-01 
2.890265e+00 	 2.596729e-01 
2.893407e+00 	 2.485696e-01 
2.896548e+00 	 2.287709e-01 
2.899690e+00 	 2.165498e-01 
2.902832e+00 	 2.219461e-01 
2.905973e+00 	 2.405188e-01 
2.909115e+00 	 2.570005e-01 
2.912256e+00 	 2.578480e-01 
2.915398e+00 	 2.423706e-01 
2.918540e+00 	 2.232929e-01 
2.921681e+00 	 2.162937e-01 
2.924823e+00 	 2.271205e-01 
2.927964e+00 	 2.468700e-01 
2.931106e+00 	 2.593095e-01 
2.934248e+00 	 2.542190e-01 
2.937389e+00 	 2.357875e-01 
2.940531e+00 	 2.191660e-01 
2.943672e+00 	 2.180132e-01 
2.946814e+00 	 2.332716e-01 
2.949956e+00 	 2.523969e-01 
2.953097e+00 	 2.596710e-01 
2.956239e+00 	 2.491196e-01 
2.959380e+00 	 2.294191e-01 
2.962522e+00 	 2.167619e-01 
2.965663e+00 	 2.215476e-01 
2.968805e+00 	 2.398385e-01 
2.971947e+00 	 2.565994e-01 
2.975088e+00 	 2.580565e-01 
2.978230e+00 	 2.430164e-01 
2.981371e+00 	 2.238435e-01 
2.984513e+00 	 2.162953e-01 
2.987655e+00 	 2.265721e-01 
2.990796e+00 	 2.462239e-01 
2.993938e+00 	 2.590983e-01 
2.997079e+00 	 2.546165e-01 
3.000221e+00 	 2.364657e-01 
3.003363e+00 	 2.195657e-01 
3.006504e+00 	 2.178051e-01 
3.009646e+00 	 2.326275e-01 
3.012787e+00 	 2.518480e-01 
3.015929e+00 	 2.596697e-01 
3.019071e+00 	 2.496667e-01 
3.022212e+00 	 2.300634e-01 
3.025354e+00 	 2.169722e-01 
3.028495e+00 	 2.211508e-01 
3.031637e+00 	 2.391619e-01 
3.034779e+00 	 2.562008e-01 
3.037920e+00 	 2.582644e-01 
3.041062e+00 	 2.436591e-01 
3.044203e+00 	 2.243910e-01 
3.047345e+00 	 2.162963e-01 
3.050486e+00 	 2.260260e-01 
3.053628e+00 	 2.455811e-01 
3.056770e+00 	 2.588887e-01 
3.059911e+00 	 2.550127e-01 
3.063053e+00 	 2.371409e-01 
3.066194e+00 	 2.199632e-01 
3.069336e+00 	 2.175973e-01 
3.072478e+00 	 2.319859e-01 
3.075619e+00 	 2.513016e-01 
3.078761e+00 	 2.596689e-01 
3.081902e+00 	 2.502120e-01 
3.085044e+00 	 2.307051e-01 
3.088186e+00 	 2.171813e-01 
3.091327e+00 	 2.207550e-01 
3.094469e+00 	 2.384877e-01 
3.097610e+00 	 2.558041e-01 
3.100752e+00 	 2.584721e-01 
3.103894e+00 	 2.442999e-01 
3.107035e+00 	 2.249366e-01 
3.110177e+00 	 2.162969e-01 
3.113318e+00 	 2.254812e-01 
3.116460e+00 	 2.449402e-01 
3.119602e+00 	 2.586801e-01 
3.122743e+00 	 2.554083e-01 
3.125885e+00 	 2.378145e-01 
3.129026e+00 	 2.203594e-01 
3.132168e+00 	 2.173895e-01 
3.135309e+00 	 2.313455e-01 
3.138451e+00 	 2.507566e-01 
