0.000000e+00 	 5.107619e+02 
1.000000e-01 	 5.107619e+02 
2.000000e-01 	 4.860075e+02 
3.000000e-01 	 4.774786e+02 
4.000000e-01 	 4.936971e+02 
5.000000e-01 	 5.008416e+02 
6.000000e-01 	 4.895727e+02 
7.000000e-01 	 4.861299e+02 
8.000000e-01 	 4.978974e+02 
9.000000e-01 	 5.016785e+02 
1.000000e+00 	 4.905781e+02 
1.100000e+00 	 4.855148e+02 
1.200000e+00 	 4.938082e+02 
1.300000e+00 	 4.985157e+02 
1.400000e+00 	 4.932332e+02 
1.500000e+00 	 4.902796e+02 
1.600000e+00 	 4.938434e+02 
1.700000e+00 	 4.947078e+02 
1.800000e+00 	 4.909938e+02 
1.900000e+00 	 4.908066e+02 
2.000000e+00 	 4.953005e+02 
2.100000e+00 	 4.965983e+02 
2.200000e+00 	 4.922952e+02 
2.300000e+00 	 4.891395e+02 
2.400000e+00 	 4.913594e+02 
2.500000e+00 	 4.951874e+02 
2.600000e+00 	 4.966600e+02 
2.700000e+00 	 4.954665e+02 
2.800000e+00 	 4.919347e+02 
2.900000e+00 	 4.889575e+02 
3.000000e+00 	 4.905717e+02 
3.100000e+00 	 4.942627e+02 
3.200000e+00 	 4.945991e+02 
3.300000e+00 	 4.931170e+02 
3.400000e+00 	 4.944297e+02 
3.500000e+00 	 4.962291e+02 
3.600000e+00 	 4.932464e+02 
3.700000e+00 	 4.887891e+02 
3.800000e+00 	 4.902045e+02 
3.900000e+00 	 4.952305e+02 
4.000000e+00 	 4.961180e+02 
4.100000e+00 	 4.931979e+02 
4.200000e+00 	 4.919426e+02 
4.300000e+00 	 4.924933e+02 
4.400000e+00 	 4.926121e+02 
4.500000e+00 	 4.928250e+02 
4.600000e+00 	 4.935970e+02 
4.700000e+00 	 4.935809e+02 
4.800000e+00 	 4.928032e+02 
4.900000e+00 	 4.927035e+02 
5.000000e+00 	 4.934290e+02 
5.100000e+00 	 4.940816e+02 
5.200000e+00 	 4.940498e+02 
5.300000e+00 	 4.932222e+02 
5.400000e+00 	 4.923279e+02 
5.500000e+00 	 4.921096e+02 
5.600000e+00 	 4.922092e+02 
5.700000e+00 	 4.925635e+02 
5.800000e+00 	 4.939748e+02 
5.900000e+00 	 4.952803e+02 
6.000000e+00 	 4.939309e+02 
6.100000e+00 	 4.910784e+02 
6.200000e+00 	 4.909975e+02 
6.300000e+00 	 4.935720e+02 
6.400000e+00 	 4.940643e+02 
6.500000e+00 	 4.926204e+02 
6.600000e+00 	 4.938645e+02 
6.700000e+00 	 4.967259e+02 
6.800000e+00 	 4.945522e+02 
6.900000e+00 	 4.881706e+02 
7.000000e+00 	 4.876006e+02 
7.100000e+00 	 4.949256e+02 
7.200000e+00 	 4.988999e+02 
7.300000e+00 	 4.938944e+02 
7.400000e+00 	 4.891190e+02 
7.500000e+00 	 4.921696e+02 
7.600000e+00 	 4.967165e+02 
7.700000e+00 	 4.944286e+02 
7.800000e+00 	 4.897752e+02 
7.900000e+00 	 4.913943e+02 
8.000000e+00 	 4.957890e+02 
8.100000e+00 	 4.948044e+02 
8.200000e+00 	 4.907688e+02 
8.300000e+00 	 4.909693e+02 
8.400000e+00 	 4.942897e+02 
8.500000e+00 	 4.947078e+02 
8.600000e+00 	 4.927021e+02 
8.700000e+00 	 4.931263e+02 
8.800000e+00 	 4.948385e+02 
8.900000e+00 	 4.929475e+02 
9.000000e+00 	 4.894202e+02 
9.100000e+00 	 4.904015e+02 
9.200000e+00 	 4.954691e+02 
9.300000e+00 	 4.980210e+02 
9.400000e+00 	 4.946926e+02 
9.500000e+00 	 4.898193e+02 
9.600000e+00 	 4.896562e+02 
9.700000e+00 	 4.936198e+02 
9.800000e+00 	 4.951583e+02 
9.900000e+00 	 4.923783e+02 
1.000000e+01 	 4.912174e+02 
1.010000e+01 	 4.945687e+02 
1.020000e+01 	 4.965043e+02 
1.030000e+01 	 4.932007e+02 
1.040000e+01 	 4.900933e+02 
1.050000e+01 	 4.916968e+02 
1.060000e+01 	 4.942923e+02 
1.070000e+01 	 4.939975e+02 
1.080000e+01 	 4.927936e+02 
1.090000e+01 	 4.924639e+02 
1.100000e+01 	 4.921783e+02 
1.110000e+01 	 4.930153e+02 
1.120000e+01 	 4.957781e+02 
1.130000e+01 	 4.961414e+02 
1.140000e+01 	 4.913983e+02 
1.150000e+01 	 4.878915e+02 
1.160000e+01 	 4.915484e+02 
1.170000e+01 	 4.966528e+02 
1.180000e+01 	 4.954110e+02 
1.190000e+01 	 4.912365e+02 
1.200000e+01 	 4.920126e+02 
1.210000e+01 	 4.954431e+02 
1.220000e+01 	 4.935991e+02 
1.230000e+01 	 4.891808e+02 
1.240000e+01 	 4.911183e+02 
1.250000e+01 	 4.966691e+02 
1.260000e+01 	 4.962883e+02 
1.270000e+01 	 4.921041e+02 
1.280000e+01 	 4.921829e+02 
1.290000e+01 	 4.941005e+02 
1.300000e+01 	 4.917599e+02 
1.310000e+01 	 4.898989e+02 
1.320000e+01 	 4.942443e+02 
1.330000e+01 	 4.972875e+02 
1.340000e+01 	 4.920785e+02 
1.350000e+01 	 4.878542e+02 
1.360000e+01 	 4.930337e+02 
1.370000e+01 	 4.980201e+02 
1.380000e+01 	 4.941010e+02 
1.390000e+01 	 4.897414e+02 
1.400000e+01 	 4.926777e+02 
1.410000e+01 	 4.959013e+02 
1.420000e+01 	 4.932627e+02 
1.430000e+01 	 4.908117e+02 
1.440000e+01 	 4.932306e+02 
1.450000e+01 	 4.949284e+02 
1.460000e+01 	 4.927211e+02 
1.470000e+01 	 4.915567e+02 
1.480000e+01 	 4.926499e+02 
1.490000e+01 	 4.920485e+02 
1.500000e+01 	 4.913386e+02 
1.510000e+01 	 4.948712e+02 
1.520000e+01 	 4.987020e+02 
1.530000e+01 	 4.953880e+02 
1.540000e+01 	 4.885174e+02 
1.550000e+01 	 4.880133e+02 
1.560000e+01 	 4.930982e+02 
1.570000e+01 	 4.953586e+02 
1.580000e+01 	 4.940957e+02 
1.590000e+01 	 4.942416e+02 
1.600000e+01 	 4.949561e+02 
1.610000e+01 	 4.924470e+02 
1.620000e+01 	 4.893053e+02 
1.630000e+01 	 4.906394e+02 
1.640000e+01 	 4.949800e+02 
1.650000e+01 	 4.969397e+02 
1.660000e+01 	 4.954253e+02 
1.670000e+01 	 4.925657e+02 
1.680000e+01 	 4.895254e+02 
1.690000e+01 	 4.887768e+02 
1.700000e+01 	 4.922678e+02 
1.710000e+01 	 4.955432e+02 
1.720000e+01 	 4.943215e+02 
1.730000e+01 	 4.929926e+02 
1.740000e+01 	 4.955852e+02 
1.750000e+01 	 4.962637e+02 
1.760000e+01 	 4.912038e+02 
1.770000e+01 	 4.883932e+02 
1.780000e+01 	 4.932565e+02 
1.790000e+01 	 4.971727e+02 
1.800000e+01 	 4.927743e+02 
1.810000e+01 	 4.876797e+02 
1.820000e+01 	 4.905849e+02 
1.830000e+01 	 4.965609e+02 
1.840000e+01 	 4.969927e+02 
1.850000e+01 	 4.934179e+02 
1.860000e+01 	 4.920209e+02 
1.870000e+01 	 4.929774e+02 
1.880000e+01 	 4.927905e+02 
1.890000e+01 	 4.913933e+02 
1.900000e+01 	 4.914609e+02 
1.910000e+01 	 4.940518e+02 
1.920000e+01 	 4.962558e+02 
1.930000e+01 	 4.942414e+02 
1.940000e+01 	 4.900902e+02 
1.950000e+01 	 4.898780e+02 
1.960000e+01 	 4.936830e+02 
1.970000e+01 	 4.955769e+02 
1.980000e+01 	 4.939253e+02 
1.990000e+01 	 4.931970e+02 
2.000000e+01 	 4.944813e+02 
2.010000e+01 	 4.930230e+02 
2.020000e+01 	 4.886759e+02 
2.030000e+01 	 4.889104e+02 
2.040000e+01 	 4.955695e+02 
2.050000e+01 	 4.994635e+02 
2.060000e+01 	 4.946344e+02 
2.070000e+01 	 4.885532e+02 
2.080000e+01 	 4.901636e+02 
2.090000e+01 	 4.953346e+02 
2.100000e+01 	 4.949745e+02 
2.110000e+01 	 4.911652e+02 
2.120000e+01 	 4.918690e+02 
2.130000e+01 	 4.955272e+02 
2.140000e+01 	 4.944085e+02 
2.150000e+01 	 4.899444e+02 
2.160000e+01 	 4.903306e+02 
2.170000e+01 	 4.953623e+02 
2.180000e+01 	 4.970989e+02 
2.190000e+01 	 4.932861e+02 
2.200000e+01 	 4.892795e+02 
2.210000e+01 	 4.895992e+02 
2.220000e+01 	 4.934804e+02 
2.230000e+01 	 4.967072e+02 
2.240000e+01 	 4.959708e+02 
2.250000e+01 	 4.925688e+02 
2.260000e+01 	 4.905442e+02 
2.270000e+01 	 4.910708e+02 
2.280000e+01 	 4.924049e+02 
2.290000e+01 	 4.937874e+02 
2.300000e+01 	 4.949090e+02 
2.310000e+01 	 4.944650e+02 
2.320000e+01 	 4.927624e+02 
2.330000e+01 	 4.918629e+02 
2.340000e+01 	 4.920161e+02 
2.350000e+01 	 4.919479e+02 
2.360000e+01 	 4.928262e+02 
2.370000e+01 	 4.956783e+02 
2.380000e+01 	 4.966529e+02 
2.390000e+01 	 4.926728e+02 
2.400000e+01 	 4.887605e+02 
2.410000e+01 	 4.904373e+02 
2.420000e+01 	 4.941035e+02 
2.430000e+01 	 4.943758e+02 
2.440000e+01 	 4.936796e+02 
2.450000e+01 	 4.948353e+02 
2.460000e+01 	 4.938440e+02 
2.470000e+01 	 4.896524e+02 
2.480000e+01 	 4.894747e+02 
2.490000e+01 	 4.951532e+02 
2.500000e+01 	 4.978722e+02 
2.510000e+01 	 4.936566e+02 
2.520000e+01 	 4.903399e+02 
2.530000e+01 	 4.928245e+02 
2.540000e+01 	 4.946555e+02 
2.550000e+01 	 4.913589e+02 
2.560000e+01 	 4.891643e+02 
2.570000e+01 	 4.931103e+02 
2.580000e+01 	 4.973377e+02 
2.590000e+01 	 4.951638e+02 
2.600000e+01 	 4.906405e+02 
2.610000e+01 	 4.910019e+02 
2.620000e+01 	 4.942061e+02 
2.630000e+01 	 4.944737e+02 
2.640000e+01 	 4.923391e+02 
2.650000e+01 	 4.912768e+02 
2.660000e+01 	 4.918308e+02 
2.670000e+01 	 4.937587e+02 
2.680000e+01 	 4.962185e+02 
2.690000e+01 	 4.955801e+02 
2.700000e+01 	 4.914071e+02 
2.710000e+01 	 4.897794e+02 
2.720000e+01 	 4.928665e+02 
2.730000e+01 	 4.935715e+02 
2.740000e+01 	 4.900447e+02 
2.750000e+01 	 4.910160e+02 
2.760000e+01 	 4.979458e+02 
2.770000e+01 	 4.995179e+02 
2.780000e+01 	 4.921571e+02 
2.790000e+01 	 4.875306e+02 
2.800000e+01 	 4.912958e+02 
2.810000e+01 	 4.941441e+02 
2.820000e+01 	 4.917635e+02 
2.830000e+01 	 4.921801e+02 
2.840000e+01 	 4.967697e+02 
2.850000e+01 	 4.967207e+02 
2.860000e+01 	 4.913272e+02 
2.870000e+01 	 4.899281e+02 
2.880000e+01 	 4.936312e+02 
2.890000e+01 	 4.939219e+02 
2.900000e+01 	 4.902434e+02 
2.910000e+01 	 4.908172e+02 
2.920000e+01 	 4.960172e+02 
2.930000e+01 	 4.972582e+02 
2.940000e+01 	 4.927528e+02 
2.950000e+01 	 4.898645e+02 
2.960000e+01 	 4.917110e+02 
2.970000e+01 	 4.933874e+02 
2.980000e+01 	 4.926595e+02 
2.990000e+01 	 4.931961e+02 
3.000000e+01 	 4.951860e+02 
3.010000e+01 	 4.945195e+02 
3.020000e+01 	 4.920908e+02 
3.030000e+01 	 4.922424e+02 
3.040000e+01 	 4.935944e+02 
3.050000e+01 	 4.923928e+02 
3.060000e+01 	 4.909923e+02 
3.070000e+01 	 4.927805e+02 
3.080000e+01 	 4.944990e+02 
3.090000e+01 	 4.931958e+02 
3.100000e+01 	 4.927032e+02 
3.110000e+01 	 4.947685e+02 
3.120000e+01 	 4.944461e+02 
3.130000e+01 	 4.905819e+02 
3.140000e+01 	 4.896930e+02 
3.150000e+01 	 4.940563e+02 
3.160000e+01 	 4.970250e+02 
3.170000e+01 	 4.947254e+02 
3.180000e+01 	 4.915107e+02 
3.190000e+01 	 4.913280e+02 
3.200000e+01 	 4.925721e+02 
3.210000e+01 	 4.924562e+02 
3.220000e+01 	 4.913163e+02 
3.230000e+01 	 4.919780e+02 
3.240000e+01 	 4.952414e+02 
3.250000e+01 	 4.973400e+02 
3.260000e+01 	 4.945122e+02 
3.270000e+01 	 4.896564e+02 
3.280000e+01 	 4.892727e+02 
3.290000e+01 	 4.933609e+02 
3.300000e+01 	 4.957501e+02 
3.310000e+01 	 4.941631e+02 
3.320000e+01 	 4.923318e+02 
3.330000e+01 	 4.923555e+02 
3.340000e+01 	 4.926808e+02 
3.350000e+01 	 4.925265e+02 
3.360000e+01 	 4.927995e+02 
3.370000e+01 	 4.935623e+02 
3.380000e+01 	 4.940491e+02 
3.390000e+01 	 4.939141e+02 
3.400000e+01 	 4.933244e+02 
3.410000e+01 	 4.925520e+02 
3.420000e+01 	 4.918080e+02 
3.430000e+01 	 4.916711e+02 
3.440000e+01 	 4.930157e+02 
3.450000e+01 	 4.944406e+02 
3.460000e+01 	 4.934848e+02 
3.470000e+01 	 4.914771e+02 
3.480000e+01 	 4.923001e+02 
3.490000e+01 	 4.951430e+02 
3.500000e+01 	 4.951904e+02 
3.510000e+01 	 4.922269e+02 
3.520000e+01 	 4.909125e+02 
3.530000e+01 	 4.922666e+02 
3.540000e+01 	 4.932207e+02 
3.550000e+01 	 4.932015e+02 
3.560000e+01 	 4.935965e+02 
3.570000e+01 	 4.936244e+02 
3.580000e+01 	 4.928563e+02 
3.590000e+01 	 4.929238e+02 
3.600000e+01 	 4.935203e+02 
3.610000e+01 	 4.926714e+02 
3.620000e+01 	 4.918247e+02 
3.630000e+01 	 4.935570e+02 
3.640000e+01 	 4.954912e+02 
3.650000e+01 	 4.938337e+02 
3.660000e+01 	 4.907363e+02 
3.670000e+01 	 4.902885e+02 
3.680000e+01 	 4.918283e+02 
3.690000e+01 	 4.938747e+02 
3.700000e+01 	 4.964002e+02 
3.710000e+01 	 4.967052e+02 
3.720000e+01 	 4.923251e+02 
3.730000e+01 	 4.882790e+02 
3.740000e+01 	 4.907404e+02 
3.750000e+01 	 4.954707e+02 
3.760000e+01 	 4.944186e+02 
3.770000e+01 	 4.905266e+02 
3.780000e+01 	 4.918762e+02 
3.790000e+01 	 4.962653e+02 
3.800000e+01 	 4.959161e+02 
3.810000e+01 	 4.918133e+02 
3.820000e+01 	 4.908489e+02 
3.830000e+01 	 4.931548e+02 
3.840000e+01 	 4.934940e+02 
3.850000e+01 	 4.916328e+02 
3.860000e+01 	 4.917754e+02 
3.870000e+01 	 4.939601e+02 
3.880000e+01 	 4.945624e+02 
3.890000e+01 	 4.933426e+02 
3.900000e+01 	 4.930310e+02 
3.910000e+01 	 4.936178e+02 
3.920000e+01 	 4.927545e+02 
3.930000e+01 	 4.913271e+02 
3.940000e+01 	 4.924293e+02 
3.950000e+01 	 4.946808e+02 
3.960000e+01 	 4.943868e+02 
3.970000e+01 	 4.924080e+02 
3.980000e+01 	 4.915995e+02 
3.990000e+01 	 4.916432e+02 
4.000000e+01 	 4.921870e+02 
4.010000e+01 	 4.939970e+02 
4.020000e+01 	 4.951979e+02 
4.030000e+01 	 4.937430e+02 
4.040000e+01 	 4.923642e+02 
4.050000e+01 	 4.933498e+02 
4.060000e+01 	 4.933218e+02 
4.070000e+01 	 4.910306e+02 
4.080000e+01 	 4.915069e+02 
4.090000e+01 	 4.953120e+02 
4.100000e+01 	 4.957201e+02 
4.110000e+01 	 4.917438e+02 
4.120000e+01 	 4.904754e+02 
4.130000e+01 	 4.933049e+02 
4.140000e+01 	 4.941449e+02 
4.150000e+01 	 4.925579e+02 
4.160000e+01 	 4.931300e+02 
4.170000e+01 	 4.943645e+02 
4.180000e+01 	 4.925177e+02 
4.190000e+01 	 4.908829e+02 
4.200000e+01 	 4.925651e+02 
4.210000e+01 	 4.942976e+02 
4.220000e+01 	 4.938833e+02 
4.230000e+01 	 4.937285e+02 
4.240000e+01 	 4.941309e+02 
4.250000e+01 	 4.925050e+02 
4.260000e+01 	 4.901226e+02 
4.270000e+01 	 4.913659e+02 
4.280000e+01 	 4.953967e+02 
4.290000e+01 	 4.961496e+02 
4.300000e+01 	 4.925150e+02 
4.310000e+01 	 4.904584e+02 
4.320000e+01 	 4.925736e+02 
4.330000e+01 	 4.943102e+02 
4.340000e+01 	 4.928988e+02 
4.350000e+01 	 4.922191e+02 
4.360000e+01 	 4.943830e+02 
4.370000e+01 	 4.948036e+02 
4.380000e+01 	 4.912156e+02 
4.390000e+01 	 4.890346e+02 
4.400000e+01 	 4.923483e+02 
4.410000e+01 	 4.970010e+02 
4.420000e+01 	 4.974118e+02 
4.430000e+01 	 4.937070e+02 
4.440000e+01 	 4.897348e+02 
4.450000e+01 	 4.889181e+02 
4.460000e+01 	 4.918878e+02 
4.470000e+01 	 4.952474e+02 
4.480000e+01 	 4.949574e+02 
4.490000e+01 	 4.926781e+02 
4.500000e+01 	 4.928986e+02 
4.510000e+01 	 4.944175e+02 
4.520000e+01 	 4.927419e+02 
4.530000e+01 	 4.899144e+02 
4.540000e+01 	 4.913821e+02 
4.550000e+01 	 4.953614e+02 
4.560000e+01 	 4.961003e+02 
4.570000e+01 	 4.940701e+02 
4.580000e+01 	 4.928321e+02 
4.590000e+01 	 4.918795e+02 
4.600000e+01 	 4.905821e+02 
4.610000e+01 	 4.918136e+02 
4.620000e+01 	 4.950694e+02 
4.630000e+01 	 4.951692e+02 
4.640000e+01 	 4.917276e+02 
4.650000e+01 	 4.906025e+02 
4.660000e+01 	 4.935538e+02 
4.670000e+01 	 4.955905e+02 
4.680000e+01 	 4.939523e+02 
4.690000e+01 	 4.915321e+02 
4.700000e+01 	 4.912795e+02 
4.710000e+01 	 4.928222e+02 
4.720000e+01 	 4.941296e+02 
4.730000e+01 	 4.937211e+02 
4.740000e+01 	 4.925981e+02 
4.750000e+01 	 4.929202e+02 
4.760000e+01 	 4.944011e+02 
4.770000e+01 	 4.941665e+02 
4.780000e+01 	 4.914626e+02 
4.790000e+01 	 4.895328e+02 
4.800000e+01 	 4.916469e+02 
4.810000e+01 	 4.958843e+02 
4.820000e+01 	 4.969031e+02 
4.830000e+01 	 4.934066e+02 
4.840000e+01 	 4.903770e+02 
4.850000e+01 	 4.917043e+02 
4.860000e+01 	 4.940921e+02 
4.870000e+01 	 4.933181e+02 
4.880000e+01 	 4.917679e+02 
4.890000e+01 	 4.932597e+02 
4.900000e+01 	 4.951560e+02 
4.910000e+01 	 4.938651e+02 
4.920000e+01 	 4.915206e+02 
4.930000e+01 	 4.913218e+02 
4.940000e+01 	 4.926220e+02 
4.950000e+01 	 4.937635e+02 
4.960000e+01 	 4.941098e+02 
4.970000e+01 	 4.936054e+02 
4.980000e+01 	 4.930164e+02 
4.990000e+01 	 4.931383e+02 
5.000000e+01 	 4.929295e+02 
5.010000e+01 	 4.916141e+02 
5.020000e+01 	 4.915686e+02 
5.030000e+01 	 4.939914e+02 
5.040000e+01 	 4.950393e+02 
5.050000e+01 	 4.928358e+02 
5.060000e+01 	 4.916375e+02 
5.070000e+01 	 4.933613e+02 
5.080000e+01 	 4.938815e+02 
5.090000e+01 	 4.920860e+02 
5.100000e+01 	 4.923060e+02 
5.110000e+01 	 4.948175e+02 
5.120000e+01 	 4.944986e+02 
5.130000e+01 	 4.912271e+02 
5.140000e+01 	 4.908213e+02 
5.150000e+01 	 4.942209e+02 
5.160000e+01 	 4.957875e+02 
5.170000e+01 	 4.932247e+02 
5.180000e+01 	 4.905659e+02 
5.190000e+01 	 4.909303e+02 
5.200000e+01 	 4.929768e+02 
5.210000e+01 	 4.943749e+02 
5.220000e+01 	 4.947470e+02 
5.230000e+01 	 4.946467e+02 
5.240000e+01 	 4.938537e+02 
5.250000e+01 	 4.917340e+02 
5.260000e+01 	 4.897208e+02 
5.270000e+01 	 4.904450e+02 
5.280000e+01 	 4.934350e+02 
5.290000e+01 	 4.956229e+02 
5.300000e+01 	 4.953924e+02 
5.310000e+01 	 4.934591e+02 
5.320000e+01 	 4.918303e+02 
5.330000e+01 	 4.921645e+02 
5.340000e+01 	 4.936987e+02 
5.350000e+01 	 4.940378e+02 
5.360000e+01 	 4.925986e+02 
5.370000e+01 	 4.919813e+02 
5.380000e+01 	 4.931074e+02 
5.390000e+01 	 4.929000e+02 
5.400000e+01 	 4.911977e+02 
5.410000e+01 	 4.921956e+02 
5.420000e+01 	 4.952262e+02 
5.430000e+01 	 4.953542e+02 
5.440000e+01 	 4.930954e+02 
5.450000e+01 	 4.921324e+02 
5.460000e+01 	 4.921902e+02 
5.470000e+01 	 4.917719e+02 
5.480000e+01 	 4.928073e+02 
5.490000e+01 	 4.953224e+02 
5.500000e+01 	 4.948591e+02 
5.510000e+01 	 4.910487e+02 
5.520000e+01 	 4.901023e+02 
5.530000e+01 	 4.937301e+02 
5.540000e+01 	 4.957199e+02 
5.550000e+01 	 4.932582e+02 
5.560000e+01 	 4.913666e+02 
5.570000e+01 	 4.929099e+02 
5.580000e+01 	 4.941575e+02 
5.590000e+01 	 4.926345e+02 
5.600000e+01 	 4.915004e+02 
5.610000e+01 	 4.929547e+02 
5.620000e+01 	 4.943597e+02 
5.630000e+01 	 4.936486e+02 
5.640000e+01 	 4.927922e+02 
5.650000e+01 	 4.930991e+02 
5.660000e+01 	 4.928482e+02 
5.670000e+01 	 4.920154e+02 
5.680000e+01 	 4.931627e+02 
5.690000e+01 	 4.953733e+02 
5.700000e+01 	 4.943498e+02 
5.710000e+01 	 4.907148e+02 
5.720000e+01 	 4.899286e+02 
5.730000e+01 	 4.929932e+02 
5.740000e+01 	 4.952703e+02 
5.750000e+01 	 4.943439e+02 
5.760000e+01 	 4.923789e+02 
5.770000e+01 	 4.916911e+02 
5.780000e+01 	 4.925869e+02 
5.790000e+01 	 4.939356e+02 
5.800000e+01 	 4.941151e+02 
5.810000e+01 	 4.926421e+02 
5.820000e+01 	 4.919096e+02 
5.830000e+01 	 4.935603e+02 
5.840000e+01 	 4.941796e+02 
5.850000e+01 	 4.916466e+02 
5.860000e+01 	 4.909745e+02 
5.870000e+01 	 4.950555e+02 
5.880000e+01 	 4.970203e+02 
5.890000e+01 	 4.923200e+02 
5.900000e+01 	 4.881734e+02 
5.910000e+01 	 4.908015e+02 
5.920000e+01 	 4.952107e+02 
5.930000e+01 	 4.954234e+02 
5.940000e+01 	 4.936784e+02 
5.950000e+01 	 4.932466e+02 
5.960000e+01 	 4.926063e+02 
5.970000e+01 	 4.914402e+02 
5.980000e+01 	 4.923435e+02 
5.990000e+01 	 4.945999e+02 
6.000000e+01 	 4.945058e+02 
6.010000e+01 	 4.922411e+02 
6.020000e+01 	 4.916166e+02 
6.030000e+01 	 4.930053e+02 
6.040000e+01 	 4.931928e+02 
6.050000e+01 	 4.919325e+02 
6.060000e+01 	 4.923453e+02 
6.070000e+01 	 4.948043e+02 
6.080000e+01 	 4.960314e+02 
6.090000e+01 	 4.936868e+02 
6.100000e+01 	 4.899072e+02 
6.110000e+01 	 4.893669e+02 
6.120000e+01 	 4.929380e+02 
6.130000e+01 	 4.957186e+02 
6.140000e+01 	 4.949086e+02 
6.150000e+01 	 4.933908e+02 
6.160000e+01 	 4.933178e+02 
6.170000e+01 	 4.929422e+02 
6.180000e+01 	 4.915042e+02 
6.190000e+01 	 4.910493e+02 
6.200000e+01 	 4.927976e+02 
6.210000e+01 	 4.948452e+02 
6.220000e+01 	 4.944935e+02 
6.230000e+01 	 4.923666e+02 
6.240000e+01 	 4.916890e+02 
6.250000e+01 	 4.930169e+02 
6.260000e+01 	 4.938171e+02 
6.270000e+01 	 4.932367e+02 
6.280000e+01 	 4.928521e+02 
6.290000e+01 	 4.931542e+02 
6.300000e+01 	 4.929330e+02 
6.310000e+01 	 4.923950e+02 
6.320000e+01 	 4.931258e+02 
6.330000e+01 	 4.942759e+02 
6.340000e+01 	 4.937707e+02 
6.350000e+01 	 4.925164e+02 
6.360000e+01 	 4.921910e+02 
6.370000e+01 	 4.917976e+02 
6.380000e+01 	 4.913920e+02 
6.390000e+01 	 4.932510e+02 
6.400000e+01 	 4.960340e+02 
6.410000e+01 	 4.955404e+02 
6.420000e+01 	 4.923907e+02 
6.430000e+01 	 4.906104e+02 
6.440000e+01 	 4.907284e+02 
6.450000e+01 	 4.916542e+02 
6.460000e+01 	 4.941829e+02 
6.470000e+01 	 4.966831e+02 
6.480000e+01 	 4.951463e+02 
6.490000e+01 	 4.912318e+02 
6.500000e+01 	 4.907844e+02 
6.510000e+01 	 4.933155e+02 
6.520000e+01 	 4.936299e+02 
6.530000e+01 	 4.919476e+02 
6.540000e+01 	 4.925071e+02 
6.550000e+01 	 4.944797e+02 
6.560000e+01 	 4.939595e+02 
6.570000e+01 	 4.917312e+02 
6.580000e+01 	 4.917109e+02 
6.590000e+01 	 4.939693e+02 
6.600000e+01 	 4.950115e+02 
6.610000e+01 	 4.934669e+02 
6.620000e+01 	 4.916237e+02 
6.630000e+01 	 4.917146e+02 
6.640000e+01 	 4.929042e+02 
6.650000e+01 	 4.934583e+02 
6.660000e+01 	 4.934186e+02 
6.670000e+01 	 4.933463e+02 
6.680000e+01 	 4.926217e+02 
6.690000e+01 	 4.920427e+02 
6.700000e+01 	 4.931083e+02 
6.710000e+01 	 4.941819e+02 
6.720000e+01 	 4.934244e+02 
6.730000e+01 	 4.929198e+02 
6.740000e+01 	 4.940718e+02 
6.750000e+01 	 4.938984e+02 
6.760000e+01 	 4.910455e+02 
6.770000e+01 	 4.898392e+02 
6.780000e+01 	 4.927720e+02 
6.790000e+01 	 4.957401e+02 
6.800000e+01 	 4.954664e+02 
6.810000e+01 	 4.939650e+02 
6.820000e+01 	 4.927637e+02 
6.830000e+01 	 4.907155e+02 
6.840000e+01 	 4.895327e+02 
6.850000e+01 	 4.922260e+02 
6.860000e+01 	 4.960950e+02 
6.870000e+01 	 4.958244e+02 
6.880000e+01 	 4.926929e+02 
6.890000e+01 	 4.919056e+02 
6.900000e+01 	 4.933479e+02 
6.910000e+01 	 4.930784e+02 
6.920000e+01 	 4.911887e+02 
6.930000e+01 	 4.914775e+02 
6.940000e+01 	 4.943114e+02 
6.950000e+01 	 4.956993e+02 
6.960000e+01 	 4.938034e+02 
6.970000e+01 	 4.914791e+02 
6.980000e+01 	 4.916983e+02 
6.990000e+01 	 4.935112e+02 
7.000000e+01 	 4.941473e+02 
7.010000e+01 	 4.930382e+02 
7.020000e+01 	 4.914230e+02 
7.030000e+01 	 4.908901e+02 
7.040000e+01 	 4.923441e+02 
7.050000e+01 	 4.950562e+02 
7.060000e+01 	 4.962710e+02 
7.070000e+01 	 4.944588e+02 
7.080000e+01 	 4.924734e+02 
7.090000e+01 	 4.926480e+02 
7.100000e+01 	 4.925749e+02 
7.110000e+01 	 4.907276e+02 
7.120000e+01 	 4.903734e+02 
7.130000e+01 	 4.931966e+02 
7.140000e+01 	 4.954979e+02 
7.150000e+01 	 4.946997e+02 
7.160000e+01 	 4.932410e+02 
7.170000e+01 	 4.929739e+02 
7.180000e+01 	 4.922817e+02 
7.190000e+01 	 4.914877e+02 
7.200000e+01 	 4.927448e+02 
7.210000e+01 	 4.943503e+02 
7.220000e+01 	 4.938595e+02 
7.230000e+01 	 4.927324e+02 
7.240000e+01 	 4.928335e+02 
7.250000e+01 	 4.932781e+02 
7.260000e+01 	 4.932170e+02 
7.270000e+01 	 4.931338e+02 
7.280000e+01 	 4.930252e+02 
7.290000e+01 	 4.925013e+02 
7.300000e+01 	 4.919925e+02 
7.310000e+01 	 4.918962e+02 
7.320000e+01 	 4.925181e+02 
7.330000e+01 	 4.943959e+02 
7.340000e+01 	 4.962575e+02 
7.350000e+01 	 4.949450e+02 
7.360000e+01 	 4.908027e+02 
7.370000e+01 	 4.889801e+02 
7.380000e+01 	 4.917658e+02 
7.390000e+01 	 4.950549e+02 
7.400000e+01 	 4.952863e+02 
7.410000e+01 	 4.939712e+02 
7.420000e+01 	 4.931698e+02 
7.430000e+01 	 4.925247e+02 
7.440000e+01 	 4.918186e+02 
7.450000e+01 	 4.919237e+02 
7.460000e+01 	 4.928720e+02 
7.470000e+01 	 4.936455e+02 
7.480000e+01 	 4.936048e+02 
7.490000e+01 	 4.929383e+02 
7.500000e+01 	 4.924264e+02 
7.510000e+01 	 4.928000e+02 
7.520000e+01 	 4.937524e+02 
7.530000e+01 	 4.941825e+02 
7.540000e+01 	 4.934202e+02 
7.550000e+01 	 4.917166e+02 
7.560000e+01 	 4.905838e+02 
7.570000e+01 	 4.922238e+02 
7.580000e+01 	 4.955712e+02 
7.590000e+01 	 4.961159e+02 
7.600000e+01 	 4.932506e+02 
7.610000e+01 	 4.915050e+02 
7.620000e+01 	 4.921182e+02 
7.630000e+01 	 4.917118e+02 
7.640000e+01 	 4.908044e+02 
7.650000e+01 	 4.931487e+02 
7.660000e+01 	 4.965832e+02 
7.670000e+01 	 4.955972e+02 
7.680000e+01 	 4.915310e+02 
7.690000e+01 	 4.898752e+02 
7.700000e+01 	 4.912116e+02 
7.710000e+01 	 4.933778e+02 
7.720000e+01 	 4.958517e+02 
7.730000e+01 	 4.967649e+02 
7.740000e+01 	 4.941994e+02 
7.750000e+01 	 4.905361e+02 
7.760000e+01 	 4.895323e+02 
7.770000e+01 	 4.911090e+02 
7.780000e+01 	 4.931032e+02 
7.790000e+01 	 4.945100e+02 
7.800000e+01 	 4.949451e+02 
7.810000e+01 	 4.942138e+02 
7.820000e+01 	 4.931297e+02 
7.830000e+01 	 4.924630e+02 
7.840000e+01 	 4.918640e+02 
7.850000e+01 	 4.914647e+02 
7.860000e+01 	 4.925943e+02 
7.870000e+01 	 4.945577e+02 
7.880000e+01 	 4.942115e+02 
7.890000e+01 	 4.916252e+02 
7.900000e+01 	 4.913608e+02 
7.910000e+01 	 4.946530e+02 
7.920000e+01 	 4.966303e+02 
7.930000e+01 	 4.941391e+02 
7.940000e+01 	 4.899723e+02 
7.950000e+01 	 4.885731e+02 
7.960000e+01 	 4.911505e+02 
7.970000e+01 	 4.948888e+02 
7.980000e+01 	 4.964665e+02 
7.990000e+01 	 4.954436e+02 
8.000000e+01 	 4.936726e+02 
8.010000e+01 	 4.923313e+02 
8.020000e+01 	 4.912430e+02 
8.030000e+01 	 4.905570e+02 
8.040000e+01 	 4.914271e+02 
8.050000e+01 	 4.937661e+02 
8.060000e+01 	 4.954434e+02 
8.070000e+01 	 4.945945e+02 
8.080000e+01 	 4.921885e+02 
8.090000e+01 	 4.913482e+02 
8.100000e+01 	 4.932691e+02 
8.110000e+01 	 4.946587e+02 
8.120000e+01 	 4.929329e+02 
8.130000e+01 	 4.911739e+02 
8.140000e+01 	 4.924407e+02 
8.150000e+01 	 4.938891e+02 
8.160000e+01 	 4.931817e+02 
8.170000e+01 	 4.933563e+02 
8.180000e+01 	 4.948621e+02 
8.190000e+01 	 4.933197e+02 
8.200000e+01 	 4.898994e+02 
8.210000e+01 	 4.907256e+02 
8.220000e+01 	 4.946086e+02 
8.230000e+01 	 4.950018e+02 
8.240000e+01 	 4.926999e+02 
8.250000e+01 	 4.933488e+02 
8.260000e+01 	 4.953141e+02 
8.270000e+01 	 4.931732e+02 
8.280000e+01 	 4.893503e+02 
8.290000e+01 	 4.902686e+02 
8.300000e+01 	 4.943889e+02 
8.310000e+01 	 4.956616e+02 
8.320000e+01 	 4.937482e+02 
8.330000e+01 	 4.922739e+02 
8.340000e+01 	 4.922677e+02 
8.350000e+01 	 4.926651e+02 
8.360000e+01 	 4.933878e+02 
8.370000e+01 	 4.943899e+02 
8.380000e+01 	 4.942550e+02 
8.390000e+01 	 4.922812e+02 
8.400000e+01 	 4.905859e+02 
8.410000e+01 	 4.912621e+02 
8.420000e+01 	 4.930175e+02 
8.430000e+01 	 4.935034e+02 
8.440000e+01 	 4.935916e+02 
8.450000e+01 	 4.948098e+02 
8.460000e+01 	 4.948609e+02 
8.470000e+01 	 4.922694e+02 
8.480000e+01 	 4.905621e+02 
8.490000e+01 	 4.924547e+02 
8.500000e+01 	 4.947772e+02 
8.510000e+01 	 4.942564e+02 
8.520000e+01 	 4.927204e+02 
8.530000e+01 	 4.925653e+02 
8.540000e+01 	 4.921880e+02 
8.550000e+01 	 4.910452e+02 
8.560000e+01 	 4.920153e+02 
8.570000e+01 	 4.947078e+02 
8.580000e+01 	 4.952879e+02 
8.590000e+01 	 4.935348e+02 
8.600000e+01 	 4.922311e+02 
8.610000e+01 	 4.916845e+02 
8.620000e+01 	 4.915296e+02 
8.630000e+01 	 4.929783e+02 
8.640000e+01 	 4.953731e+02 
8.650000e+01 	 4.954367e+02 
8.660000e+01 	 4.927332e+02 
8.670000e+01 	 4.907425e+02 
8.680000e+01 	 4.910482e+02 
8.690000e+01 	 4.923214e+02 
8.700000e+01 	 4.937932e+02 
8.710000e+01 	 4.946493e+02 
8.720000e+01 	 4.938879e+02 
8.730000e+01 	 4.926625e+02 
8.740000e+01 	 4.928066e+02 
8.750000e+01 	 4.932874e+02 
8.760000e+01 	 4.924782e+02 
8.770000e+01 	 4.918184e+02 
8.780000e+01 	 4.927737e+02 
8.790000e+01 	 4.938152e+02 
8.800000e+01 	 4.936666e+02 
8.810000e+01 	 4.930737e+02 
8.820000e+01 	 4.928954e+02 
8.830000e+01 	 4.933384e+02 
8.840000e+01 	 4.941730e+02 
8.850000e+01 	 4.938959e+02 
8.860000e+01 	 4.917600e+02 
8.870000e+01 	 4.900404e+02 
8.880000e+01 	 4.911008e+02 
8.890000e+01 	 4.936844e+02 
8.900000e+01 	 4.954012e+02 
8.910000e+01 	 4.952995e+02 
8.920000e+01 	 4.936274e+02 
8.930000e+01 	 4.919949e+02 
8.940000e+01 	 4.916246e+02 
8.950000e+01 	 4.915087e+02 
8.960000e+01 	 4.913853e+02 
8.970000e+01 	 4.932915e+02 
8.980000e+01 	 4.964186e+02 
8.990000e+01 	 4.962440e+02 
9.000000e+01 	 4.920941e+02 
9.010000e+01 	 4.898084e+02 
9.020000e+01 	 4.920655e+02 
9.030000e+01 	 4.940878e+02 
9.040000e+01 	 4.931827e+02 
9.050000e+01 	 4.923384e+02 
9.060000e+01 	 4.927016e+02 
9.070000e+01 	 4.926831e+02 
9.080000e+01 	 4.930393e+02 
9.090000e+01 	 4.944391e+02 
9.100000e+01 	 4.945952e+02 
9.110000e+01 	 4.927396e+02 
9.120000e+01 	 4.915398e+02 
9.130000e+01 	 4.920443e+02 
9.140000e+01 	 4.926253e+02 
9.150000e+01 	 4.927336e+02 
9.160000e+01 	 4.937021e+02 
9.170000e+01 	 4.952912e+02 
9.180000e+01 	 4.951924e+02 
9.190000e+01 	 4.927785e+02 
9.200000e+01 	 4.898663e+02 
9.210000e+01 	 4.887445e+02 
9.220000e+01 	 4.912522e+02 
9.230000e+01 	 4.961010e+02 
9.240000e+01 	 4.981837e+02 
9.250000e+01 	 4.951648e+02 
9.260000e+01 	 4.909586e+02 
9.270000e+01 	 4.902226e+02 
9.280000e+01 	 4.921625e+02 
9.290000e+01 	 4.930616e+02 
9.300000e+01 	 4.927552e+02 
9.310000e+01 	 4.937080e+02 
9.320000e+01 	 4.951653e+02 
9.330000e+01 	 4.941670e+02 
9.340000e+01 	 4.913411e+02 
9.350000e+01 	 4.904879e+02 
9.360000e+01 	 4.924407e+02 
9.370000e+01 	 4.941793e+02 
9.380000e+01 	 4.943375e+02 
9.390000e+01 	 4.940505e+02 
9.400000e+01 	 4.931931e+02 
9.410000e+01 	 4.912942e+02 
9.420000e+01 	 4.907593e+02 
9.430000e+01 	 4.931484e+02 
9.440000e+01 	 4.952240e+02 
9.450000e+01 	 4.941746e+02 
9.460000e+01 	 4.924944e+02 
9.470000e+01 	 4.927042e+02 
9.480000e+01 	 4.926578e+02 
9.490000e+01 	 4.916016e+02 
9.500000e+01 	 4.926120e+02 
9.510000e+01 	 4.950747e+02 
9.520000e+01 	 4.946721e+02 
9.530000e+01 	 4.920130e+02 
9.540000e+01 	 4.913178e+02 
9.550000e+01 	 4.925262e+02 
9.560000e+01 	 4.930205e+02 
9.570000e+01 	 4.939388e+02 
9.580000e+01 	 4.958095e+02 
9.590000e+01 	 4.945548e+02 
9.600000e+01 	 4.897380e+02 
9.610000e+01 	 4.883992e+02 
9.620000e+01 	 4.928605e+02 
9.630000e+01 	 4.962752e+02 
9.640000e+01 	 4.948991e+02 
9.650000e+01 	 4.931590e+02 
9.660000e+01 	 4.940505e+02 
9.670000e+01 	 4.938350e+02 
9.680000e+01 	 4.905523e+02 
9.690000e+01 	 4.889930e+02 
9.700000e+01 	 4.922294e+02 
9.710000e+01 	 4.956017e+02 
9.720000e+01 	 4.950532e+02 
9.730000e+01 	 4.932803e+02 
9.740000e+01 	 4.936125e+02 
9.750000e+01 	 4.941353e+02 
9.760000e+01 	 4.924791e+02 
9.770000e+01 	 4.911036e+02 
9.780000e+01 	 4.924638e+02 
9.790000e+01 	 4.935057e+02 
9.800000e+01 	 4.921163e+02 
9.810000e+01 	 4.916030e+02 
9.820000e+01 	 4.940255e+02 
9.830000e+01 	 4.956463e+02 
9.840000e+01 	 4.939847e+02 
9.850000e+01 	 4.919588e+02 
9.860000e+01 	 4.919149e+02 
9.870000e+01 	 4.921803e+02 
9.880000e+01 	 4.924490e+02 
9.890000e+01 	 4.938550e+02 
9.900000e+01 	 4.949104e+02 
9.910000e+01 	 4.937957e+02 
9.920000e+01 	 4.921731e+02 
9.930000e+01 	 4.919583e+02 
9.940000e+01 	 4.921178e+02 
9.950000e+01 	 4.919826e+02 
9.960000e+01 	 4.930381e+02 
9.970000e+01 	 4.945758e+02 
9.980000e+01 	 4.940286e+02 
9.990000e+01 	 4.922687e+02 
